9.17 9.75 10.2
0.0 0.0 0.0
6.882406711578369 0.008403998799622059 0.0
8.448447227478027 0.016093000769615173 1.9999999949504854e-06
12.734699249267578 0.03925097733736038 9.999999747378752e-06
21.535493850708008 0.1103699803352356 3.300000025774352e-05
31.94161605834961 0.30433619022369385 9.700000373413786e-05
18.57273292541504 0.12748092412948608 0.0002069999900413677
14.15835189819336 0.17372092604637146 0.00033300003269687295
14.746260643005371 0.2231099009513855 0.000590000010561198
18.223976135253906 0.3962475657463074 0.0012649999698624015
27.612110137939453 1.209619402885437 0.00317100016400218
34.178993225097656 2.083779811859131 0.007380000781267881
43.61381149291992 3.215378761291504 0.019686002284288406
53.42407989501953 4.305551052093506 0.054329995065927505
65.74661254882812 5.653361797332764 0.142644003033638
75.96482849121094 7.062359809875488 0.3038550317287445
142.8982391357422 14.853361129760742 0.405472993850708
69.55455780029297 5.705611228942871 0.29159000515937805
56.563865661621094 4.025949954986572 0.14279697835445404
47.47501754760742 3.280733346939087 0.25443097949028015
60.314842224121094 6.4057841300964355 2.559532880783081
65.96185302734375 6.941936016082764 2.982466220855713
73.49324035644531 8.497881889343262 3.8141798973083496
47.805885314941406 3.1915016174316406 0.05526799336075783
20.364824295043945 0.7313864231109619 0.0010100000072270632
29.489030838012695 1.2440663576126099 0.003025999991223216
58.94004821777344 2.6092872619628906 0.022482000291347504
64.65050506591797 2.715454339981079 0.025145001709461212
112.3604736328125 6.019186496734619 0.13464099168777466
203.9705810546875 19.94353485107422 1.6616849899291992
43.38752365112305 1.2830761671066284 0.09686999768018723
23.299297332763672 0.507075309753418 0.01649099960923195
20.506864547729492 0.42202839255332947 0.00956800114363432
21.102750778198242 0.44870924949645996 0.010194000788033009
22.33683204650879 0.5152724981307983 0.010344000533223152
23.65264320373535 0.5909366011619568 0.011325000785291195
25.632829666137695 0.6831937432289124 0.017308002337813377
28.83648681640625 0.8336201906204224 0.033904001116752625
28.880598068237305 0.8684747815132141 0.05996100232005119
28.961936950683594 0.8972346186637878 0.09198898822069168
28.865922927856445 0.8866628408432007 0.1226859986782074
32.323978424072266 0.9926563501358032 0.15996699035167694
58.23692321777344 2.4837961196899414 0.2319359928369522
64.2501220703125 4.011342525482178 0.2632189989089966
54.21860122680664 3.1984288692474365 0.24960599839687347
52.403472900390625 2.8628814220428467 0.23165498673915863
50.135215759277344 2.448486566543579 0.19768399000167847
41.43462371826172 1.6188892126083374 0.1462329924106598
36.30826187133789 1.1726274490356445 0.10929597914218903
33.47516632080078 0.9944708347320557 0.0838799923658371
32.17418670654297 0.9105480313301086 0.06280998885631561
33.364234924316406 0.9340490102767944 0.048037998378276825
35.08782958984375 1.015587329864502 0.03825599327683449
36.21567916870117 1.1426515579223633 0.038148995488882065
37.96865463256836 1.3563547134399414 0.045605987310409546
40.88776779174805 1.6752777099609375 0.05208998918533325
46.55641555786133 2.2350213527679443 0.06067298352718353
57.22918701171875 3.454282760620117 0.10663897544145584
60.623687744140625 4.270563125610352 0.1224459856748581
61.877777099609375 4.411538600921631 0.1055779829621315
62.140804290771484 4.298450946807861 0.08819697797298431
68.31717681884766 5.277613162994385 0.11237999051809311
77.08631896972656 5.958277225494385 0.15562297403812408
92.86280822753906 6.639218330383301 0.27233603596687317
132.4556884765625 13.275197982788086 1.1257480382919312
194.16976928710938 34.64966583251953 6.083088397979736
171.75241088867188 24.563007354736328 3.971511125564575
102.73267364501953 5.9962239265441895 0.31829506158828735
100.21593475341797 5.465700626373291 0.226439967751503
157.4202880859375 16.539329528808594 1.5679510831832886
214.7039794921875 42.38079833984375 3.712792158126831
165.12612915039062 23.524215698242188 0.9847052097320557
114.58430480957031 9.836836814880371 0.280428022146225
101.39193725585938 7.39810848236084 0.2161099761724472
84.89283752441406 5.117958068847656 0.15603896975517273
61.37568664550781 2.889519214630127 0.09306295216083527
42.8875732421875 1.5971200466156006 0.05566099286079407
31.691192626953125 1.0110726356506348 0.04003198444843292
23.120473861694336 0.6668318510055542 0.03294900059700012
20.41918182373047 0.580634355545044 0.03247099369764328
19.965187072753906 0.5828644633293152 0.034676987677812576
13.77475643157959 0.4284658432006836 0.03570898622274399
13.444106101989746 0.41930586099624634 0.03748897463083267
17.319534301757812 0.5380223393440247 0.04096296429634094
17.429567337036133 0.56743323802948 0.046720974147319794
17.908369064331055 0.6129794716835022 0.05472296103835106
18.79237174987793 0.6802663207054138 0.06856395304203033
18.023191452026367 0.6748703718185425 0.0831049308180809
16.092912673950195 0.6008171439170837 0.07778795063495636
15.284841537475586 0.5681581497192383 0.06824994832277298
15.223983764648438 0.5794551372528076 0.06127796322107315
15.24473762512207 0.5863050222396851 0.045458950102329254
17.7757568359375 0.7269132733345032 0.07526195049285889
18.745656967163086 0.932181715965271 0.07878392934799194
19.28876304626465 2.2571892738342285 0.07560395449399948
19.183584213256836 2.1138808727264404 0.08873295038938522
19.204008102416992 1.9693052768707275 0.10810795426368713
19.365703582763672 1.94655179977417 0.14184196293354034
19.396448135375977 1.91962730884552 0.17628784477710724
19.083890914916992 1.753584384918213 0.17729392647743225
18.675537109375 1.5627660751342773 0.1497999131679535
18.44365882873535 1.4800022840499878 0.13076888024806976
18.472888946533203 1.4594156742095947 0.1262689232826233
20.152111053466797 1.6648235321044922 0.14255991578102112
21.332809448242188 1.7483558654785156 0.16966292262077332
24.301464080810547 2.269530773162842 0.22068879008293152
27.85398292541504 3.004394769668579 0.26938101649284363
28.801313400268555 3.1952381134033203 0.2612539231777191
29.323741912841797 3.369260311126709 0.2718360722064972
29.53194236755371 3.5535099506378174 0.2996302545070648
29.56264305114746 3.706749677658081 0.31905409693717957
29.64417839050293 3.8648998737335205 0.33292731642723083
29.76936149597168 4.039902687072754 0.3305162191390991
30.380468368530273 4.395236492156982 0.3525213897228241
30.858922958374023 4.7498884201049805 0.3767944872379303
30.74934196472168 4.945933818817139 0.3878434896469116
29.891040802001953 4.844456672668457 0.3051741123199463
26.024032592773438 3.745758533477783 0.2390308976173401
21.41473388671875 2.5407493114471436 0.2463558465242386
21.639530181884766 2.7138214111328125 0.2695259153842926
25.687721252441406 4.234702110290527 0.31465187668800354
31.363033294677734 6.808259963989258 0.38293230533599854
32.43532180786133 7.512660980224609 0.4485703110694885
1.770079255104065 0.29024016857147217 0.07531894743442535
32.482601165771484 7.810775279998779 0.5239613652229309
30.966777801513672 7.180234432220459 0.5649145841598511
27.12093162536621 5.571743011474609 0.5916184782981873
23.09037208557129 4.1179327964782715 0.5892584323883057
20.038116455078125 3.2371504306793213 0.5871033072471619
17.23888397216797 2.634326457977295 0.5828353762626648
15.577072143554688 2.3753316402435303 0.5931863784790039
15.043779373168945 2.345085859298706 0.6201289296150208
15.123584747314453 2.4232850074768066 0.6528488397598267
15.634397506713867 2.5790882110595703 0.6959395408630371
16.11491584777832 2.7370142936706543 0.7440178990364075
16.641942977905273 2.9136228561401367 0.8035758137702942
17.169523239135742 3.1025004386901855 0.8713943958282471
17.355987548828125 3.2375400066375732 0.9332618713378906
17.703086853027344 3.4108190536499023 1.0025955438613892
18.28162384033203 3.630709171295166 1.080901026725769
18.769407272338867 3.8408396244049072 1.155563473701477
18.965744018554688 4.0060553550720215 1.2277214527130127
19.368932723999023 4.218235969543457 1.318839430809021
19.786169052124023 4.438545227050781 1.414005994796753
19.73797035217285 4.584047317504883 1.4990534782409668
19.594600677490234 4.71705436706543 1.586290717124939
20.048070907592773 4.951269626617432 1.6945189237594604
20.962488174438477 5.293792247772217 1.8346341848373413
21.082277297973633 5.495839595794678 1.9520938396453857
20.853492736816406 5.657822608947754 2.0724408626556396
20.318822860717773 5.7876691818237305 2.2000534534454346
19.863693237304688 5.937636375427246 2.3433125019073486
19.467214584350586 6.056236743927002 2.478954792022705
19.536907196044922 6.2955851554870605 2.6468112468719482
20.025915145874023 6.661479473114014 2.8511404991149902
20.47920036315918 7.008861064910889 3.0512754917144775
21.195924758911133 7.455812454223633 3.2848355770111084
21.66220474243164 7.80635404586792 3.487354040145874
22.081592559814453 8.132633209228516 3.679755449295044
22.522098541259766 8.463054656982422 3.8711447715759277
22.949487686157227 8.78599739074707 4.059991836547852
23.477468490600586 9.17216682434082 4.273766994476318
23.896759033203125 9.530235290527344 4.484097480773926
24.37525177001953 9.91108226776123 4.709450721740723
24.93834686279297 10.323343276977539 4.950240612030029
25.664810180664062 10.800008773803711 5.219399452209473
26.6173038482666 11.378585815429688 5.533064365386963
27.475830078125 11.920157432556152 5.831453800201416
28.39796257019043 12.484933853149414 6.142092704772949
29.452377319335938 13.107595443725586 6.48056697845459
30.460962295532227 13.711141586303711 6.812620639801025
31.81553840637207 14.4685640335083 7.213966369628906
33.4399299621582 15.351964950561523 7.669231414794922
34.92280197143555 16.160486221313477 8.086363792419434
36.68250274658203 17.095722198486328 8.556997299194336
38.33969497680664 17.975526809692383 9.0045166015625
39.943450927734375 18.83218765258789 9.444300651550293
41.12422180175781 19.472652435302734 9.781364440917969
42.07875442504883 20.00196075439453 10.077595710754395
42.92649459838867 20.48262596130371 10.361873626708984
43.619510650634766 20.8687801361084 10.611339569091797
44.26311111450195 21.231494903564453 10.856046676635742
44.952857971191406 21.624805450439453 11.11976432800293
45.75641632080078 22.08065414428711 11.414405822753906
46.72441482543945 22.622447967529297 11.747859954833984
47.83430862426758 23.228914260864258 12.106635093688965
49.045387268066406 23.83247947692871 12.456856727600098
50.1077995300293 24.384082794189453 12.791817665100098
51.25300598144531 25.00043487548828 13.169715881347656
52.52349090576172 25.67592430114746 13.590250968933105
53.74723815917969 26.333864212036133 14.013535499572754
54.838478088378906 26.914453506469727 14.405441284179688
55.8624382019043 27.45305824279785 14.783711433410645
56.98664474487305 28.054704666137695 15.203192710876465
51.96821594238281 25.479843139648438 14.239349365234375
59.830848693847656 29.632640838623047 16.270999908447266
61.53006362915039 30.4819278717041 16.84223747253418
63.04114532470703 31.333961486816406 17.434022903442383
64.7242431640625 32.284732818603516 18.07567024230957
66.42286682128906 33.24876022338867 18.722206115722656
67.94470977783203 34.10137939453125 19.31194496154785
66.42584991455078 33.20468521118164 19.05544662475586
69.62726593017578 35.0301399230957 20.118488311767578
69.83776092529297 35.1578254699707 20.37807846069336
69.97917175292969 35.27408218383789 20.6616268157959
74.49835968017578 37.58699035644531 21.90360450744629
75.05010986328125 37.702083587646484 22.176626205444336
77.63182067871094 39.00299072265625 22.97850799560547
76.8047103881836 38.60548400878906 23.063186645507812
76.29324340820312 38.41740036010742 23.262388229370117
77.88483428955078 39.19464111328125 23.828413009643555
80.20780944824219 40.29693603515625 24.53474998474121
82.56499481201172 41.394107818603516 25.24150848388672
86.69248962402344 43.317752838134766 26.295408248901367
86.2031021118164 43.09479522705078 26.472423553466797
89.69235229492188 44.804988861083984 27.504566192626953
92.34956359863281 45.84853744506836 28.27395248413086
94.47132873535156 46.98796844482422 29.158157348632812
96.21373748779297 48.092750549316406 30.08344078063965
95.36373138427734 48.27216720581055 30.705692291259766
100.06092071533203 50.4460334777832 32.02786636352539
106.19718170166016 53.125732421875 33.52162170410156
113.41505432128906 56.131290435791016 35.07265090942383
118.30109405517578 58.424007415771484 36.485076904296875
122.56180572509766 60.44602966308594 37.78363037109375
127.3476791381836 62.73781204223633 39.236083984375
135.6689910888672 65.84538269042969 40.957611083984375
142.07545471191406 68.72566223144531 42.68217468261719
148.28289794921875 71.56974792480469 44.40046310424805
153.4946746826172 74.04508972167969 45.982601165771484
159.06936645507812 76.69066619873047 47.65665817260742
165.25938415527344 79.63038635253906 49.478729248046875
171.95347595214844 82.73263549804688 51.34359359741211
179.23036193847656 86.10459899902344 53.36224365234375
185.94407653808594 89.17070007324219 55.24198913574219
194.05064392089844 92.87506103515625 57.41945266723633
207.7581024169922 97.74393463134766 59.97535705566406
215.06114196777344 100.96790313720703 61.95436477661133
223.90843200683594 104.93138885498047 64.28600311279297
233.1122589111328 108.98845672607422 66.6285171508789
242.98399353027344 113.28296661376953 69.05265045166016
252.0894775390625 117.14848327636719 71.26509094238281
261.20001220703125 120.95592498779297 73.43159484863281
271.2583923339844 125.21542358398438 75.81063079833984
282.111328125 129.79122924804688 78.29741668701172
291.510009765625 133.70394897460938 80.54713439941406
313.539306640625 140.5941162109375 83.73003387451172
326.94207763671875 146.1979522705078 86.66716003417969
345.1692810058594 154.1643524169922 90.60391998291016
363.9810791015625 162.61691284179688 94.86675262451172
389.2662658691406 174.7903289794922 100.82524871826172
415.80120849609375 188.43043518066406 108.07907104492188
438.1979064941406 199.7854766845703 114.5055923461914
460.2113952636719 210.99449157714844 121.34496307373047
478.6841735839844 219.37286376953125 126.19454956054688
498.3168640136719 228.24742126464844 131.35971069335938
543.6849975585938 244.21060180664062 138.7915802001953
569.4210205078125 255.44403076171875 144.93336486816406
597.66552734375 267.6593322753906 151.4832763671875
627.91455078125 280.50848388671875 158.216796875
660.1461181640625 294.0220947265625 165.17459106445312
693.8757934570312 307.9221496582031 172.22259521484375
727.8953247070312 321.3183288574219 178.61624145507812
765.07177734375 336.17083740234375 185.6986541748047
804.5633544921875 351.75115966796875 192.9396209716797
847.976806640625 369.13323974609375 201.05303955078125
950.2933349609375 404.2000732421875 215.41253662109375
1006.0680541992188 426.25390625 225.4217987060547
1066.560546875 449.7283630371094 235.75448608398438
1135.1151123046875 476.9897155761719 248.1708526611328
1206.614501953125 504.17578125 259.8417663574219
1283.2158203125 533.2131958007812 272.3087463378906
1363.1719970703125 562.4765625 284.28662109375
1450.3155517578125 594.3299560546875 297.3045654296875
1546.1063232421875 628.7979125976562 310.8942565917969
1653.821533203125 668.0653686523438 326.5204162597656
1899.12548828125 747.809814453125 354.34326171875
2041.9195556640625 799.9819946289062 374.8813781738281
2197.595458984375 857.1402587890625 397.47698974609375
2366.162353515625 919.1204833984375 421.8964538574219
2546.50390625 985.418212890625 447.9589538574219
2739.24951171875 1056.2813720703125 475.6572265625
2945.168212890625 1131.9649658203125 505.0790710449219
3166.93603515625 1213.6455078125 536.7489013671875
3407.468017578125 1302.61376953125 571.2741088867188
3671.28759765625 1400.4197998046875 609.0452880859375
4317.36474609375 1616.9364013671875 681.8224487304688
450.8821716308594 114.91500091552734 61.83791732788086
5042.11669921875 1880.4815673828125 778.01953125
5441.24072265625 2022.4237060546875 827.8801879882812
5887.04345703125 2180.964111328125 882.5040283203125
6416.9580078125 2375.0166015625 947.3630981445312
7026.5654296875 2600.086669921875 1024.582275390625
7752.341796875 2878.658935546875 1116.5601806640625
8561.162109375 3194.840087890625 1217.145263671875
9447.8046875 3546.435302734375 1322.61474609375
11466.2880859375 4312.3515625 1519.7269287109375
12623.34765625 4801.85205078125 1643.8558349609375
13857.4912109375 5332.7421875 1768.30517578125
15124.7470703125 5902.07568359375 1912.1754150390625
16407.33203125 6534.45703125 2106.88720703125
17835.375 7191.94873046875 2274.840087890625
19200.77734375 7864.951171875 2462.630126953125
20607.7890625 8573.8701171875 2695.01611328125
21884.865234375 9206.7548828125 2917.687255859375
23015.896484375 9713.7080078125 3087.5068359375
24225.90625 9981.291015625 3167.262451171875
24880.9140625 10200.796875 3204.918701171875
25543.287109375 10410.447265625 3256.751953125
26169.546875 10600.6669921875 3313.981201171875
26602.890625 10706.5810546875 3353.966796875
26733.66796875 10703.94140625 3384.011474609375
26482.595703125 10684.3994140625 3489.760986328125
26481.16015625 10524.48046875 3396.36279296875
26220.84765625 10412.9462890625 3404.504638671875
26060.865234375 10241.6640625 3331.12744140625
25955.203125 9939.8837890625 3200.298828125
25819.94140625 9803.09375 3137.883544921875
25590.0859375 9697.1865234375 3103.0146484375
25342.029296875 9626.1298828125 3084.7822265625
25049.134765625 9514.8115234375 3042.467041015625
24668.1484375 9361.251953125 2990.453857421875
23898.9765625 9067.4326171875 2936.8134765625
23485.0859375 8915.5625 2906.265380859375
23436.71875 8821.146484375 2818.301025390625
23131.587890625 8757.794921875 2827.54052734375
23007.6015625 8618.4384765625 2734.716064453125
22994.607421875 8660.2958984375 2725.419677734375
22996.140625 8719.0556640625 2719.68359375
22713.201171875 8675.5029296875 2708.775146484375
22397.03125 8592.587890625 2674.95849609375
22230.578125 8597.267578125 2658.547119140625
21896.724609375 8533.88671875 2641.419677734375
21719.822265625 8552.3515625 2645.263671875
21465.748046875 8518.982421875 2639.196533203125
21185.23828125 8462.2373046875 2630.288330078125
19969.4609375 7925.06201171875 2463.990478515625
19513.35546875 7756.962890625 2417.424560546875
18982.185546875 7552.70556640625 2358.747314453125
18378.93359375 7328.7900390625 2296.294189453125
17709.828125 7064.578125 2204.845703125
17025.08984375 6785.46826171875 2111.424072265625
16411.802734375 6561.951171875 2046.2320556640625
15682.1689453125 6273.82080078125 1977.8927001953125
14996.013671875 5993.3193359375 1898.814697265625
14197.314453125 5633.1240234375 1785.97802734375
11861.3291015625 4644.39013671875 1504.1805419921875
11085.84765625 4280.92724609375 1388.0750732421875
10403.685546875 3978.252197265625 1299.7781982421875
9724.123046875 3683.13330078125 1234.1632080078125
9143.3408203125 3431.2939453125 1178.8050537109375
8541.98828125 3121.3876953125 1038.836181640625
8115.00537109375 2928.86083984375 975.9610595703125
7731.21337890625 2761.388916015625 924.1446533203125
7421.9267578125 2624.332763671875 877.1100463867188
7119.326171875 2496.8154296875 836.3511962890625
5689.92529296875 1996.843994140625 717.16162109375
5494.84375 1920.57763671875 689.0526123046875
5293.46484375 1845.813720703125 663.8970336914062
5104.52294921875 1777.8345947265625 641.0720825195312
4923.47802734375 1712.22802734375 618.06494140625
4748.6162109375 1649.62060546875 595.9426879882812
4570.4873046875 1583.551025390625 572.1051635742188
4403.33984375 1524.32568359375 551.2025146484375
4242.27783203125 1467.24658203125 530.7977294921875
4086.010009765625 1412.4912109375 511.53192138671875
3314.031005859375 1166.5093994140625 448.32659912109375
3188.3515625 1121.540283203125 431.798095703125
3066.8173828125 1079.7376708984375 417.1109313964844
2937.668701171875 1032.005126953125 399.2738342285156
2816.37255859375 991.51806640625 386.27813720703125
2683.677001953125 943.3372802734375 370.00067138671875
2562.9482421875 903.5007934570312 357.8655090332031
2433.49609375 857.041259765625 342.462158203125
2315.6494140625 816.6907958984375 329.2508239746094
2196.15576171875 773.7601318359375 314.1952819824219
1766.1727294921875 638.4513549804688 276.76763916015625
1667.611083984375 600.6115112304688 261.7631530761719
1578.532470703125 567.3152465820312 248.51202392578125
1486.469970703125 531.1484375 233.56300354003906
1410.9052734375 504.385498046875 222.93678283691406
1330.2664794921875 472.6800537109375 209.21090698242188
1259.763916015625 445.46551513671875 197.2807159423828
1195.6162109375 418.996337890625 185.2071533203125
1146.6317138671875 396.8045959472656 173.94752502441406
1103.6904296875 374.7707824707031 161.8933563232422
906.5638427734375 313.4237365722656 142.25985717773438
875.1321411132812 300.596923828125 135.845947265625
834.1818237304688 287.1800231933594 130.55752563476562
787.8291015625 273.7723693847656 126.25851440429688
741.1318359375 260.7998046875 122.3650894165039
697.716552734375 248.49659729003906 118.46626281738281
658.9075317382812 237.49497985839844 114.92871856689453
623.9404296875 227.0271759033203 111.11750793457031
592.88720703125 217.6529541015625 107.64205169677734
565.150146484375 209.1234588623047 104.36502075195312
468.5358581542969 181.69488525390625 95.68952941894531
448.2197570800781 174.7752227783203 92.43106842041016
428.5693664550781 168.09182739257812 89.27233123779297
409.6246337890625 161.86505126953125 86.4990234375
390.9581298828125 155.78457641601562 83.83899688720703
59.88111114501953 56.39522933959961 37.24729919433594
354.8785095214844 144.01197814941406 78.74562072753906
337.88848876953125 138.42153930664062 76.33679962158203
321.6952819824219 133.05984497070312 74.03515625
306.1468811035156 127.79981231689453 71.7110595703125
257.64373779296875 113.13986206054688 66.28231811523438
244.7426300048828 108.35675811767578 63.904930114746094
232.1557159423828 103.7099380493164 61.61881637573242
219.83865356445312 99.09835052490234 59.284629821777344
207.98422241210938 94.6446533203125 57.00300216674805
196.7061004638672 90.4129409790039 54.82410430908203
185.96580505371094 86.38106536865234 52.74142837524414
175.81304931640625 82.59534454345703 50.82021713256836
166.28555297851562 79.05894470214844 49.05684280395508
157.28460693359375 75.65237426757812 47.3220100402832
134.01719665527344 67.86282348632812 43.89268112182617
127.01036071777344 64.98538208007812 42.30373001098633
120.17833709716797 62.01212692260742 40.539947509765625
113.8659439086914 59.31168746948242 38.97876739501953
107.91065216064453 56.76727294921875 37.515525817871094
102.2979507446289 54.404972076416016 36.18638610839844
96.94447326660156 52.125328063964844 34.89881896972656
91.90762329101562 50.01765060424805 33.737281799316406
87.09814453125 47.95061492919922 32.57373809814453
82.5081558227539 45.92343521118164 31.401269912719727
71.61447143554688 41.77824783325195 29.29942512512207
68.07685089111328 40.11794662475586 28.29894256591797
64.75617980957031 38.51837158203125 27.313751220703125
61.669334411621094 37.00199508666992 26.368040084838867
58.78892135620117 35.56523513793945 25.466075897216797
56.04883575439453 34.14982223510742 24.55489730834961
53.51120376586914 32.830257415771484 23.70844268798828
51.08854675292969 31.528318405151367 22.8520450592041
48.8656120300293 30.35517692565918 22.08959197998047
46.73979949951172 29.206167221069336 21.325510025024414
40.89487075805664 26.488895416259766 19.70240592956543
38.64116668701172 24.995561599731445 18.590280532836914
36.67010498046875 23.757596969604492 17.68714714050293
35.20877456665039 23.00338363647461 17.193256378173828
33.275264739990234 21.728519439697266 16.235492706298828
31.705713272094727 20.791664123535156 15.565248489379883
30.30902862548828 19.996784210205078 15.010465621948242
28.990076065063477 19.248428344726562 14.487680435180664
27.64277458190918 18.43589210510254 13.89941120147705
26.275049209594727 17.570781707763672 13.25861930847168
23.084651947021484 15.922121047973633 12.196955680847168
21.863466262817383 15.087422370910645 11.559159278869629
20.72332763671875 14.309813499450684 10.965622901916504
19.64796257019043 13.572256088256836 10.400514602661133
18.539201736450195 12.778797149658203 9.780739784240723
17.470600128173828 12.008628845214844 9.175801277160645
16.631454467773438 11.457011222839355 8.75861644744873
15.895484924316406 10.99560260772705 8.418502807617188
15.054719924926758 10.413956642150879 7.967055320739746
14.348892211914062 9.955557823181152 7.621573448181152
12.708584785461426 9.0969820022583 7.0687785148620605
12.127952575683594 8.708686828613281 6.772709369659424
11.589826583862305 8.351165771484375 6.499598026275635
10.999958992004395 7.93027400970459 6.170106887817383
10.466652870178223 7.555288314819336 5.878547668457031
9.927316665649414 7.163310527801514 5.5699782371521
9.416509628295898 6.79235315322876 5.2792792320251465
8.909578323364258 6.414674282073975 4.979434013366699
8.458417892456055 6.082829475402832 4.718255519866943
8.018101692199707 5.7530083656311035 4.456149101257324
7.0730061531066895 5.1821746826171875 4.057350158691406
6.736820697784424 4.924835681915283 3.8491642475128174
6.406397819519043 4.668642997741699 3.6411144733428955
6.094211101531982 4.426701068878174 3.443899393081665
5.777640342712402 4.179044246673584 3.2413644790649414
5.489617347717285 3.9550178050994873 3.0582492351531982
5.197849750518799 3.725432872772217 2.8695921897888184
4.939273834228516 3.523679256439209 2.7039077281951904
4.694220542907715 3.3294217586517334 2.5434463024139404
4.473823547363281 3.152787685394287 2.396188497543335
3.9727206230163574 2.849152088165283 2.1819262504577637
3.8263020515441895 2.7262582778930664 2.0775368213653564
3.7106525897979736 2.6287806034088135 1.9943945407867432
3.610997200012207 2.5430469512939453 1.9207038879394531
3.511847734451294 2.4579803943634033 1.847981572151184
3.443488836288452 2.3984484672546387 1.7961128950119019
3.3671793937683105 2.332284450531006 1.7392265796661377
3.29365611076355 2.270443916320801 1.686428427696228
3.2184154987335205 2.208078622817993 1.633988618850708
3.1435341835021973 2.1456778049468994 1.5810614824295044
2.8589468002319336 1.9851287603378296 1.4740009307861328
2.808823823928833 1.9429186582565308 1.4382309913635254
2.7512829303741455 1.8936940431594849 1.39730703830719
2.684013843536377 1.836345911026001 1.351144552230835
2.6039319038391113 1.7681467533111572 1.2968026399612427
2.5296976566314697 1.706203579902649 1.2481147050857544
2.461313009262085 1.6500822305679321 1.2042813301086426
2.3956379890441895 1.5966055393218994 1.1622347831726074
2.34141206741333 1.5541940927505493 1.1283992528915405
2.3040883541107178 1.5280694961547852 1.105931282043457
2.1322665214538574 1.4506057500839233 1.0584704875946045
2.158848524093628 1.4827957153320312 1.0768040418624878
2.2283518314361572 1.5520689487457275 1.1187711954116821
2.282123327255249 1.6048632860183716 1.146929383277893
2.3188252449035645 1.6413755416870117 1.1633660793304443
2.322460412979126 1.648485779762268 1.1606727838516235
2.306525468826294 1.6392844915390015 1.1496914625167847
2.2688140869140625 1.6103227138519287 1.1252031326293945
2.2353286743164062 1.586458444595337 1.1062649488449097
2.2045559883117676 1.5639759302139282 1.0876750946044922
2.0369937419891357 1.4682828187942505 1.0297503471374512
2.0081748962402344 1.4462543725967407 1.0123488903045654
1.9955453872680664 1.437720537185669 1.0053377151489258
1.9762142896652222 1.4217464923858643 0.9923848509788513
1.9587147235870361 1.4072984457015991 0.9813676476478577
1.9364738464355469 1.3898733854293823 0.9698776602745056
1.8929765224456787 1.35361909866333 0.9431751370429993
1.847222089767456 1.3170416355133057 0.9165912866592407
1.7910327911376953 1.2733728885650635 0.8845309615135193
1.7246134281158447 1.2204458713531494 0.8449074625968933
1.5549710988998413 1.1096669435501099 0.7709512114524841
1.4863859415054321 1.0538580417633057 0.7285809516906738
1.4261493682861328 1.0057048797607422 0.6925217509269714
1.3731962442398071 0.9642231464385986 0.6627922058105469
1.327075719833374 0.9288642406463623 0.6380730867385864
1.2833446264266968 0.8952646255493164 0.6148999929428101
1.2415170669555664 0.8629550337791443 0.5923973917961121
1.2105519771575928 0.8408818244934082 0.5781890749931335
1.172991394996643 0.8134613633155823 0.5597590804100037
1.1364164352416992 0.7872927784919739 0.5435619950294495
1.0566046237945557 0.7406404614448547 0.5176311731338501
1.0357707738876343 0.7268083691596985 0.5085363984107971
1.0150976181030273 0.7134595513343811 0.5004323124885559
0.9987387657165527 0.7031034827232361 0.49420708417892456
0.9852627515792847 0.6947497129440308 0.4892691671848297
0.970212459564209 0.6851739883422852 0.48349618911743164
0.9540131688117981 0.6748496890068054 0.47749924659729004
0.9334751963615417 0.6613476872444153 0.4694601595401764
0.9120539426803589 0.6469407081604004 0.46080708503723145
0.8911051154136658 0.6329861283302307 0.4525001645088196
0.8329004645347595 0.5995474457740784 0.4341660737991333
0.8161476254463196 0.5890394449234009 0.42847633361816406
0.7994589805603027 0.5785136222839355 0.42257022857666016
0.7837995886802673 0.5688381195068359 0.41726207733154297
0.7686910629272461 0.5596584677696228 0.4124760627746582
0.753679633140564 0.5504844188690186 0.4075930416584015
0.7389463782310486 0.5414472222328186 0.40272706747055054
0.7242838144302368 0.5324631929397583 0.39786389470100403
0.7101702690124512 0.523855447769165 0.393289178609848
0.695933997631073 0.5150502324104309 0.3885391354560852
0.6548786759376526 0.4904451072216034 0.37448999285697937
0.6410088539123535 0.48154014348983765 0.36936306953430176
0.6266330480575562 0.4721693992614746 0.3637920618057251
0.6124451756477356 0.46295231580734253 0.35829317569732666
0.5982350707054138 0.45364102721214294 0.35258400440216064
0.583398699760437 0.4436253607273102 0.3461132049560547
0.5678470134735107 0.43283531069755554 0.3388310670852661
0.5522196292877197 0.4218941032886505 0.3313710391521454
0.5362427830696106 0.41050010919570923 0.32340505719184875
0.5218287110328674 0.4004431962966919 0.3165070414543152
0.4906974136829376 0.38009899854660034 0.3032679855823517
0.4787881374359131 0.37192001938819885 0.2977539300918579
0.4678323268890381 0.36445197463035583 0.29271894693374634
0.45714348554611206 0.35707396268844604 0.2876349091529846
0.44694823026657104 0.35001206398010254 0.2827189862728119
0.4372454583644867 0.3432760536670685 0.27803894877433777
0.42706021666526794 0.3360040485858917 0.2727760672569275
0.41661110520362854 0.3284219205379486 0.26712000370025635
0.4052780866622925 0.3199629485607147 0.26051396131515503
0.393621027469635 0.3111249804496765 0.25340595841407776
0.37017717957496643 0.29454895853996277 0.2411259561777115
0.35911598801612854 0.28600388765335083 0.2340739369392395
0.34946006536483765 0.27868494391441345 0.228318989276886
0.3418891727924347 0.2732680141925812 0.22450406849384308
0.3356591463088989 0.2690280079841614 0.22190500795841217
0.32974720001220703 0.2649729549884796 0.21939291059970856
0.3234650790691376 0.2604779005050659 0.2164919376373291
0.3142077922821045 0.25297486782073975 0.21060191094875336
0.30330201983451843 0.24376291036605835 0.2030189335346222
0.29306888580322266 0.2351868897676468 0.1960819512605667
0.27597492933273315 0.222478985786438 0.18675200641155243
0.26849696040153503 0.21654589474201202 0.18231293559074402
0.26182687282562256 0.21140994131565094 0.17842696607112885
0.25520700216293335 0.2062780112028122 0.17431098222732544
0.24930685758590698 0.2018149197101593 0.170680969953537
0.24360783398151398 0.19750294089317322 0.16718797385692596
0.23781277239322662 0.19305193424224854 0.16351298987865448
0.23233579099178314 0.1888449639081955 0.16004501283168793
0.2268778383731842 0.18457794189453125 0.15648190677165985
0.22208985686302185 0.18093493580818176 0.15352098643779755
0.21104885637760162 0.17279395461082458 0.14726093411445618
0.20628288388252258 0.1690509021282196 0.14416491985321045
0.2016528695821762 0.1654079258441925 0.14114296436309814
0.19710484147071838 0.16181892156600952 0.13817395269870758
0.19122090935707092 0.15688195824623108 0.13385896384716034
0.1850329041481018 0.15157394111156464 0.12914496660232544
0.17951586842536926 0.14689694344997406 0.1250699907541275
0.17351794242858887 0.14165396988391876 0.12044897675514221
0.168567955493927 0.13741694390773773 0.11675999313592911
0.16454793512821198 0.13401097059249878 0.11382795870304108
0.15605492889881134 0.1272609382867813 0.1083509624004364
0.1529209166765213 0.12453194707632065 0.10595495253801346
0.1501549780368805 0.12212494015693665 0.10383695363998413
0.148035928606987 0.12030089646577835 0.10224193334579468
0.14590290188789368 0.11847193539142609 0.10064597427845001
0.14406688511371613 0.11692094057798386 0.09929396957159042
0.14226292073726654 0.11536494642496109 0.09791496396064758
0.14091990888118744 0.11425994336605072 0.09693695604801178
0.1397438943386078 0.1133059486746788 0.09607495367527008
0.1385769248008728 0.11237097531557083 0.09523698687553406
0.1338648945093155 0.1087789312005043 0.0923989936709404
0.13340987265110016 0.1084839254617691 0.09207997471094131
0.1330568790435791 0.10827994346618652 0.09182097762823105
0.1328859180212021 0.10826494544744492 0.09173097461462021
0.13202789425849915 0.10762796550989151 0.09107698500156403
0.13198493421077728 0.10771496593952179 0.09103900194168091
0.13215592503547668 0.10801593959331512 0.0912189856171608
0.13236992061138153 0.10836295783519745 0.09144998341798782
0.132503941655159 0.1086309403181076 0.09161596745252609
0.1325829178094864 0.10884995758533478 0.09174396842718124
0.12942692637443542 0.10654295980930328 0.09004797041416168
0.12915991246700287 0.10642395913600922 0.08988697081804276
0.12911197543144226 0.10652998834848404 0.08996398746967316
0.12890996038913727 0.10649298131465912 0.08993100374937057
0.128603994846344 0.106361985206604 0.08981498330831528
0.1282549649477005 0.10618998110294342 0.08967896550893784
0.1276499330997467 0.10577495396137238 0.08932696282863617
0.1269349455833435 0.10525297373533249 0.08888798207044601
0.126088947057724 0.10460896044969559 0.08834096044301987
0.12507595121860504 0.10380395501852036 0.08765097707509995
0.12115194648504257 0.10065294802188873 0.08523696660995483
0.12030895054340363 0.10000895708799362 0.08470897376537323
0.11948693543672562 0.09939496219158173 0.08421796560287476
0.11849194020032883 0.0986039787530899 0.08356596529483795
0.11755892634391785 0.09787597507238388 0.08296696841716766
0.11652792990207672 0.09705595672130585 0.08228297531604767
0.1153259351849556 0.09605297446250916 0.08141496777534485
0.11393490433692932 0.09487894177436829 0.0804089680314064
0.11274298280477524 0.09390196204185486 0.0796089693903923
0.11125496029853821 0.09262298047542572 0.07851199805736542
0.10716792941093445 0.08918798714876175 0.07581499963998795
0.10570093989372253 0.08792798966169357 0.07476399838924408
0.10392694920301437 0.08635599166154861 0.07340800762176514
0.10222094506025314 0.08485500514507294 0.07213200628757477
0.10050996392965317 0.08333298563957214 0.07083098590373993
0.09863898903131485 0.08164700865745544 0.06936799734830856
0.09679198265075684 0.07999297976493835 0.06794298440217972
0.09479497373104095 0.07819698005914688 0.06638698279857635
0.09285494685173035 0.07645398378372192 0.06489098817110062
0.09056195616722107 0.07435397803783417 0.06303299218416214
0.0865369588136673 0.07086697965860367 0.06018897891044617
0.08428195863962173 0.06880397349596024 0.05835898965597153
0.0819859579205513 0.06669995933771133 0.05649798735976219
0.07997693121433258 0.06489098072052002 0.054931990802288055
0.0779399424791336 0.0630519688129425 0.053326983004808426
0.07541195303201675 0.06073097512125969 0.051257986575365067
0.07311598211526871 0.05864598602056503 0.04943499341607094
0.07049698382616043 0.05624198541045189 0.0473099984228611
0.06812095642089844 0.054085977375507355 0.04543000087141991
0.06589796394109726 0.05208297446370125 0.04370599612593651
0.06219197437167168 0.048825982958078384 0.04100499674677849
0.05956296995282173 0.04639698565006256 0.03882799297571182
0.05752696096897125 0.044552989304065704 0.0372219979763031
0.05596495792269707 0.04316200315952301 0.036031004041433334
0.05377597734332085 0.04112299531698227 0.03416699916124344
0.05180497467517853 0.039305999875068665 0.03252900764346123
0.05029498413205147 0.03796399012207985 0.03139899671077728
0.048119984567165375 0.03604200482368469 0.029815999791026115
0.046068981289863586 0.03427599370479584 0.02844799868762493
0.04367499798536301 0.03223700076341629 0.026906998828053474
0.0394199900329113 0.028464999049901962 0.023730002343654633
0.03681401535868645 0.02613600343465805 0.02177800051867962
0.034560997039079666 0.024043003097176552 0.01989300176501274
0.03315899893641472 0.022750001400709152 0.01873900182545185
0.032019004225730896 0.021691998466849327 0.017788996919989586
0.03165000304579735 0.021368999034166336 0.01752299629151821
0.0313040055334568 0.02104100026190281 0.017211999744176865
0.03121400810778141 0.02096099965274334 0.017142001539468765
0.03121500462293625 0.020961999893188477 0.017145002260804176
0.03115599974989891 0.020896004512906075 0.017079003155231476
0.030681001022458076 0.020528001710772514 0.016798000782728195
0.03087499737739563 0.020702000707387924 0.016961000859737396
0.030934005975723267 0.020743001252412796 0.016990002244710922
0.031094003468751907 0.020878996700048447 0.017105000093579292
0.031217006966471672 0.020972000434994698 0.01717500016093254
0.03140000253915787 0.021121997386217117 0.017294999212026596
0.03139400854706764 0.02108200266957283 0.017211997881531715
0.0315760001540184 0.021220000460743904 0.017287999391555786
0.03199400007724762 0.021587999537587166 0.017583999782800674
0.03242800757288933 0.02197800762951374 0.01790500059723854
0.032228998839855194 0.021842002868652344 0.017808998003602028
0.03259699419140816 0.022166000679135323 0.018076999112963676
0.03292899578809738 0.022460004314780235 0.018319999799132347
0.03329499810934067 0.022786002606153488 0.018596000969409943
0.03362100198864937 0.023073002696037292 0.018838999792933464
0.03402299806475639 0.02342800796031952 0.01913599856197834
0.03442399948835373 0.023784004151821136 0.01943800039589405
0.03482600301504135 0.02414100058376789 0.019742000848054886
0.03526199981570244 0.024532003328204155 0.020085003226995468
0.03568900004029274 0.024918001145124435 0.020427998155355453
0.035404007881879807 0.024691009894013405 0.020253002643585205
0.03575000911951065 0.024990009143948555 0.020503005012869835
0.03618599846959114 0.02538100630044937 0.020843004807829857
0.036635998636484146 0.025779005140066147 0.021187005564570427
0.037073004990816116 0.0261630080640316 0.021510004997253418
0.03753400221467018 0.02657700516283512 0.02186400257050991
0.038026999682188034 0.02701900340616703 0.022239001467823982
0.038528990000486374 0.027465002611279488 0.022614002227783203
0.03904598578810692 0.027924004942178726 0.02299100160598755
0.03946397826075554 0.02827800065279007 0.023242997005581856
0.03928898647427559 0.02811400033533573 0.023052997887134552
0.03969798609614372 0.0284270029515028 0.02321700006723404
0.04036099091172218 0.029005996882915497 0.023655995726585388
0.04091498255729675 0.029485000297427177 0.02400999702513218
0.0413849912583828 0.029886003583669662 0.02429499849677086
0.041811976581811905 0.030257003381848335 0.024584000930190086
0.04216897115111351 0.030571002513170242 0.02482999861240387
0.04249797388911247 0.030863003805279732 0.025064999237656593
0.04278498515486717 0.031119998544454575 0.02527799643576145
0.04304298013448715 0.03134899586439133 0.025470998138189316
0.04268898442387581 0.031040998175740242 0.025216996669769287
0.04289998486638069 0.03122599981725216 0.025377998128533363
0.0430549792945385 0.0313510037958622 0.025468001142144203
0.04312998056411743 0.031394001096487045 0.02546999789774418
0.043298978358507156 0.03152399882674217 0.025551997125148773
0.0433499775826931 0.03153200075030327 0.02550699934363365
0.043462976813316345 0.03160199895501137 0.0255149994045496
0.04360296577215195 0.03168899565935135 0.025532998144626617
0.04363897815346718 0.031682997941970825 0.02546899951994419
0.0435599721968174 0.031560998409986496 0.025285998359322548
0.04271797463297844 0.030761001631617546 0.024545002728700638
0.04256696626543999 0.0305859986692667 0.024325000122189522
0.0425109788775444 0.030507000163197517 0.024205999448895454
0.04208798334002495 0.030070995911955833 0.02373899705708027
0.04165397956967354 0.02962700091302395 0.023266000673174858
0.041455987840890884 0.029422998428344727 0.023036997765302658
0.04101598635315895 0.02897399663925171 0.022568996995687485
0.04079398512840271 0.028751999139785767 0.022332997992634773
0.040188971906900406 0.028146998956799507 0.021716998890042305
0.03913898020982742 0.027098996564745903 0.020656997337937355
0.03784298151731491 0.025877002626657486 0.0195310041308403
0.03735799714922905 0.025394005700945854 0.019046002998948097
0.03705800324678421 0.025105001404881477 0.018755000084638596
0.03663400188088417 0.02468699775636196 0.01833999715745449
0.03603200241923332 0.024095997214317322 0.017750998958945274
0.0352960005402565 0.023368997499346733 0.017023999243974686
0.034188997000455856 0.022276993840932846 0.015928998589515686
0.033361997455358505 0.021465998142957687 0.015115998685359955
0.03272999823093414 0.02085299603641033 0.01449899934232235
0.032037001103162766 0.02017800323665142 0.013824000023305416
0.031144002452492714 0.019364001229405403 0.01309299934655428
0.030172007158398628 0.018421001732349396 0.012154999189078808
0.02903900109231472 0.017312996089458466 0.011071999557316303
0.028339004144072533 0.016646001487970352 0.010437999852001667
0.027914000675082207 0.016255998983979225 0.010089999064803123
0.02762400358915329 0.016008000820875168 0.009912000969052315
0.027275001630187035 0.015699001029133797 0.009673000313341618
0.02683800272643566 0.015300000086426735 0.009353999979794025
0.02645200677216053 0.014946000650525093 0.00907799880951643
0.02567700855433941 0.014206001535058022 0.008412999100983143
0.02482800930738449 0.013415999710559845 0.007740999571979046
0.02432200126349926 0.012935001403093338 0.007313999347388744
0.0237170048058033 0.012338001281023026 0.006756999064236879
0.02322000078856945 0.011854001320898533 0.0063049993477761745
0.022623006254434586 0.011265999637544155 0.005740998778492212
0.02230200543999672 0.01095499936491251 0.005451999604701996
0.021980004385113716 0.010643000714480877 0.005147999618202448
0.021658003330230713 0.010333001613616943 0.004856000188738108
0.021331001073122025 0.010028000921010971 0.004568999633193016
0.020976006984710693 0.009690000675618649 0.004245999734848738
0.02052299678325653 0.009285999462008476 0.003897000104188919
0.02020600065588951 0.008994000032544136 0.003627000143751502
0.019912999123334885 0.00873199850320816 0.0033990000374615192
0.019644001498818398 0.008487998507916927 0.003182000247761607
0.019342003390192986 0.008216998539865017 0.002946999855339527
0.018970998004078865 0.007875998504459858 0.002644000109285116
0.018682997673749924 0.007620999123901129 0.00242799986153841
0.018417999148368835 0.007386999204754829 0.0022360000293701887
0.018126998096704483 0.007124998606741428 0.0020200000144541264
0.01786099560558796 0.006889999378472567 0.0018240001518279314
0.017621997743844986 0.00669599836692214 0.0016920000780373812
0.017376000061631203 0.006476998329162598 0.0015090000815689564
0.01722799800336361 0.006354998797178268 0.0014220000011846423
0.017057999968528748 0.006209998857229948 0.0013069999404251575
0.016937997192144394 0.006111998576670885 0.001236999873071909
0.016798997297883034 0.005992997903376818 0.0011430000886321068
0.01666099950671196 0.005878998897969723 0.0010519999777898192
0.0165529977530241 0.005788999609649181 0.0009830000344663858
0.016464998945593834 0.005718998610973358 0.0009280000813305378
0.016390997916460037 0.005660999566316605 0.0008789999410510063
0.016286997124552727 0.00558099988847971 0.0008180000586435199
0.01621699519455433 0.005528999492526054 0.0007690000347793102
0.01614999771118164 0.005475999321788549 0.0007200000109151006
0.016086997464299202 0.005426997784525156 0.0006769999745301902
0.016023000702261925 0.005379999056458473 0.0006339999963529408
0.015963999554514885 0.005334998946636915 0.0005940000410191715
0.01590699702501297 0.0052909995429217815 0.0005579999415203929
0.015858998522162437 0.0052539994940161705 0.000526999996509403
0.015824997797608376 0.005231999792158604 0.0005119999987073243
0.015776997432112694 0.005192999262362719 0.00048699998296797276
0.01573299989104271 0.005160999018698931 0.0004650000191759318
0.015678999945521355 0.005117999855428934 0.00043399998685345054
0.015639998018741608 0.005086999386548996 0.00041700000292621553
0.015590997412800789 0.0050469995476305485 0.000387999985832721
0.015555997379124165 0.005018000025302172 0.00037200000951997936
0.015505997464060783 0.004980999045073986 0.00034799997229129076
0.015472994185984135 0.004952999763190746 0.00033099998836405575
0.01543099619448185 0.004925000015646219 0.000311999989207834
0.015400996431708336 0.004902999848127365 0.00029600001289509237
0.015373997390270233 0.004887999035418034 0.00028600002406165004
0.015349998138844967 0.004870999604463577 0.0002730000123847276
0.015324998646974564 0.004858999513089657 0.00026299996534362435
0.0152910016477108 0.004841998685151339 0.00025199996889568865
0.015269000083208084 0.004829998593777418 0.0002399999793851748
0.01524600014090538 0.004819999448955059 0.00023099998361431062
0.01522399764508009 0.004808999598026276 0.0002209999947808683
0.01520100049674511 0.004797998815774918 0.0002139999851351604
0.015175999142229557 0.0047859991900622845 0.00020399999630171806
0.015143999829888344 0.00477199861779809 0.00019699998665601015
0.015116001479327679 0.00475299870595336 0.00018399998953100294
0.01508600078523159 0.004735998809337616 0.0001779999874997884
0.015053997747600079 0.004717999137938023 0.00016999998479150236
0.015024999156594276 0.004695999436080456 0.00016299997514579445
0.014986998401582241 0.004670999478548765 0.00015899998834356666
0.014955000020563602 0.004649999085813761 0.0001549999724375084
0.014907000586390495 0.004618999548256397 0.00014799999189563096
0.014865999110043049 0.004589999094605446 0.00014099999680183828
0.014818998984992504 0.0045539988204836845 0.00012999998580198735
0.014773998409509659 0.004521999042481184 0.0001230000052601099
0.014723997563123703 0.00448699900880456 0.00011300000915070996
0.01467299833893776 0.004450999666005373 0.00010600000678095967
0.01461699791252613 0.004410999361425638 9.800000407267362e-05
0.014563998207449913 0.004374999552965164 9.000000136438757e-05
0.014512000605463982 0.004336999263614416 8.50000069476664e-05
0.014459997415542603 0.004307999741286039 8.000000525498763e-05
0.014410997740924358 0.004277999047189951 7.60000039008446e-05
0.014361998997628689 0.004253999330103397 7.500000356230885e-05
0.014320999383926392 0.004227999597787857 7.200000254670158e-05
0.014279000461101532 0.004205999430269003 7.000000186963007e-05
0.01423299964517355 0.004181999713182449 6.800000119255856e-05
0.014182999730110168 0.004153999499976635 6.399999983841553e-05
0.014125000685453415 0.004118999000638723 6.199999916134402e-05
0.014072999358177185 0.004090999253094196 6.100000246078707e-05
0.01401899941265583 0.0040589990094304085 5.700000110664405e-05
0.013958998024463654 0.004020999185740948 5.400000009103678e-05
0.013892997987568378 0.003976999316364527 5.0000002374872565e-05
0.013832000084221363 0.003938999492675066 4.70000013592653e-05
0.013765999116003513 0.0038930003065615892 4.5000000682193786e-05
0.013702998869121075 0.0038520004600286484 4.3000000005122274e-05
0.013632996939122677 0.0038070003502070904 3.9999998989515007e-05
0.013571998104453087 0.003764000255614519 3.80000019504223e-05
0.013502998277544975 0.003712000325322151 3.5000000934815034e-05
0.013435998931527138 0.0036650002002716064 3.400000059627928e-05
0.013360998593270779 0.003612000262364745 3.300000025774352e-05
0.013283000327646732 0.003555000526830554 3.000000106112566e-05
0.013223998248577118 0.003515000222250819 2.9000000722589903e-05
0.013165999203920364 0.0034749999176710844 2.700000004551839e-05
0.013118000701069832 0.003441000124439597 2.5000001187436283e-05
0.013068999163806438 0.0034080001059919596 2.300000051036477e-05
0.013023998588323593 0.0033820001408457756 2.2000000171829015e-05
0.0129749970510602 0.003344000084325671 2.099999983329326e-05
0.012916998006403446 0.00330400001257658 1.900000097521115e-05
0.01286499947309494 0.0032679999712854624 1.900000097521115e-05
0.012780998833477497 0.0032040004152804613 1.8000000636675395e-05
0.012731998227536678 0.0031710003968328238 1.700000029813964e-05
0.012682998552918434 0.003140000393614173 1.700000029813964e-05
0.012636998668313026 0.0031080003827810287 1.5999999959603883e-05
0.01258699968457222 0.003075000364333391 1.4000000192027073e-05
0.01256599836051464 0.003064000280573964 1.2999999853491317e-05
0.01253300067037344 0.003047000151127577 1.2000000424450263e-05
0.012495000846683979 0.003023000666871667 1.2000000424450263e-05
0.01245800033211708 0.0030040002893656492 1.1000000085914508e-05
0.012415999546647072 0.002980000339448452 9.999999747378752e-06
0.012373997829854488 0.0029540001414716244 9.000000318337698e-06
0.012331998907029629 0.0029290001839399338 9.000000318337698e-06
0.01228299643844366 0.00289600039832294 9.000000318337698e-06
0.0122410012409091 0.0028740004636347294 7.999999979801942e-06
0.01218200009316206 0.0028340001590549946 7.999999979801942e-06
0.012105998583137989 0.002768000354990363 7.000000096013537e-06
0.012015998363494873 0.0026740001048892736 7.000000096013537e-06
0.011905999854207039 0.002558000385761261 6.000000212225132e-06
0.011821997351944447 0.002477000467479229 6.000000212225132e-06
0.011775998398661613 0.0024650003761053085 4.999999873689376e-06
0.011725998483598232 0.0024790004827082157 4.999999873689376e-06
0.011702995747327805 0.0025120005011558533 4.999999873689376e-06
0.011652996763586998 0.002515000756829977 4.999999873689376e-06
0.011622997000813484 0.0025360004510730505 4.999999873689376e-06
0.011570997536182404 0.0025390004739165306 4.999999873689376e-06
0.011530996300280094 0.002572000492364168 4.999999873689376e-06
0.011497998610138893 0.002624000422656536 3.999999989900971e-06
0.011438996531069279 0.0026350002735853195 3.999999989900971e-06
0.011385995894670486 0.002635000506415963 3.999999989900971e-06
0.011345995590090752 0.002616000361740589 3.000000106112566e-06
0.011306996457278728 0.0025870006065815687 3.000000106112566e-06
0.011277997866272926 0.0025640001986175776 3.000000106112566e-06
0.011265997774899006 0.0025490003172308207 3.000000106112566e-06
0.011234997771680355 0.0025210005696862936 3.000000106112566e-06
0.011218995787203312 0.002512000733986497 3.000000106112566e-06
0.011185996234416962 0.0024850002955645323 1.9999999949504854e-06
0.011172996833920479 0.002482000272721052 1.9999999949504854e-06
0.011150997132062912 0.0024700004141777754 1.9999999949504854e-06
0.011125997640192509 0.002453000284731388 1.9999999949504854e-06
0.011086996644735336 0.0024200002662837505 1.9999999949504854e-06
0.011066996492445469 0.0024040001444518566 1.9999999949504854e-06
0.011025995947420597 0.0023630002979189157 1.9999999949504854e-06
0.010969996452331543 0.002311000367626548 1.9999999949504854e-06
0.010931996628642082 0.0022710002958774567 9.999999974752427e-07
0.010899996384978294 0.002235000254586339 9.999999974752427e-07
0.010834997519850731 0.0021730002481490374 9.999999974752427e-07
0.01080399565398693 0.0021410000044852495 9.999999974752427e-07
0.010740997269749641 0.0020800000056624413 9.999999974752427e-07
0.010708997026085854 0.002047999994829297 9.999999974752427e-07
0.010648997500538826 0.0019930002745240927 9.999999974752427e-07
0.01058999728411436 0.0019379999721422791 9.999999974752427e-07
0.010549996979534626 0.0019079998601227999 9.999999974752427e-07
0.010519997216761112 0.001879999996162951 9.999999974752427e-07
0.010488997213542461 0.001851000008173287 9.999999974752427e-07
0.010464996099472046 0.0018319998634979129 9.999999974752427e-07
0.010441996157169342 0.0018129999516531825 9.999999974752427e-07
0.010406996123492718 0.0017849999712780118 9.999999974752427e-07
0.010376996360719204 0.0017640000442042947 9.999999974752427e-07
0.010336996987462044 0.0017379999626427889 9.999999974752427e-07
0.010292996652424335 0.0017019999213516712 9.999999974752427e-07
0.010232996195554733 0.001655000145547092 9.999999974752427e-07
0.010188995860517025 0.0016200001118704677 9.999999974752427e-07
0.010149996727705002 0.0015880001010373235 0.0
0.0100879967212677 0.0015390000771731138 0.0
0.010048994794487953 0.0015059999423101544 0.0
0.009995996952056885 0.0014680000022053719 0.0
0.009967995807528496 0.0014479999663308263 0.0
0.009921995922923088 0.001412999932654202 0.0
0.009888996370136738 0.0013889999827370048 0.0
0.009847995825111866 0.0013539999490603805 0.0
0.009812997654080391 0.0013330000219866633 0.0
0.009767996147274971 0.0012940000742673874 0.0
0.009738996624946594 0.0012700000079348683 0.0
0.009688996709883213 0.001227000029757619 0.0
0.009654995985329151 0.0011950000189244747 0.0
0.009612997062504292 0.0011609999928623438 0.0
0.009572995826601982 0.0011289999820291996 0.0
0.00951999519020319 0.0010890000266954303 0.0
0.00948499608784914 0.0010600000387057662 0.0
0.009441997855901718 0.0010320001747459173 0.0
0.009395997039973736 0.0010020001791417599 0.0
0.009370996616780758 0.0009800001280382276 0.0
0.009341996163129807 0.0009600000339560211 0.0
0.009318996220827103 0.0009500000742264092 0.0
0.009302997030317783 0.000939000048674643 0.0
0.00927799753844738 0.0009260000661015511 0.0
0.009262997657060623 0.0009190000710077584 0.0
0.00922399666160345 0.0009050001390278339 0.0
0.009202996268868446 0.0009000001009553671 0.0
0.009142996743321419 0.0008810000726953149 0.0
0.009089996106922626 0.0008650000090710819 0.0
0.009021995589137077 0.0008350000716745853 0.0
0.008918995968997478 0.0007900000782683492 0.0
0.008816997520625591 0.000742000003810972 0.0
0.00873399805277586 0.0007180000538937747 0.0
0.00863699708133936 0.0006680000224150717 0.0
0.008576997555792332 0.0006380000268109143 0.0
0.008515996858477592 0.000610999995842576 0.0
0.00847699772566557 0.0005890000611543655 0.0
0.008421996608376503 0.0005610000807791948 0.0
0.008371995761990547 0.0005340001662261784 0.0
0.008307996205985546 0.0005140001303516328 0.0
0.008262996561825275 0.00050400011241436 0.0
0.008227996528148651 0.0004950000438839197 0.0
0.00819399580359459 0.0004860000335611403 0.0
0.008140996098518372 0.0004780000017490238 0.0
0.0080999955534935 0.00046400001156143844 0.0
0.008081995882093906 0.0004659999976865947 0.0
0.008054994978010654 0.0004600000102072954 0.0
0.008022994734346867 0.0004569999873638153 0.0
0.007984994910657406 0.00045300001511350274 0.0
0.00796599593013525 0.0004490000137593597 0.0
0.007949994876980782 0.00044800000614486635 0.0
0.007905996404588223 0.00044700002763420343 0.0
0.007876995950937271 0.0004440000047907233 0.0
0.007851995527744293 0.00044100001105107367 0.0
0.007832996547222137 0.0004400000034365803 0.0
0.0077879950404167175 0.00044100001105107367 0.0
0.007756995502859354 0.0004409999819472432 0.0
0.007728996220976114 0.0004359999729786068 0.0
0.0076819974929094315 0.00043299997923895717 0.0
0.007637997157871723 0.00043399998685345054 0.0
0.007610997185111046 0.0004309999640099704 0.0
0.007576996926218271 0.0004279999702703208 0.0
0.007527997717261314 0.0004229999613016844 0.0
0.007497997023165226 0.0004139999800827354 0.0
0.007436997257173061 0.00040599997737444937 0.0
0.0073779975064098835 0.0003939999733120203 0.0
0.007343996781855822 0.000387999985832721 0.0
0.007302997633814812 0.00038099996163509786 0.0
0.007248997688293457 0.0003739999665413052 0.0
0.007189997471868992 0.0003729999589268118 0.0
0.007128997705876827 0.00036599996383301914 0.0
0.007092997431755066 0.0003619999624788761 0.0
0.007040997501462698 0.0003599999472498894 0.0
0.007003997452557087 0.0003519999736454338 0.0
0.00697699747979641 0.00034799997229129076 0.0
0.0069489977322518826 0.000341999955708161 0.0
0.006917998660355806 0.00033899996196851134 0.0
0.00688199745491147 0.00033299997448921204 0.0
0.006838996894657612 0.00032599997939541936 0.0
0.006798997055739164 0.0003189999843016267 0.0
