Mhalo Mcent_50 Mcent_16 Mcent_84 Msat_50 Msat_16 Msat_84
120116034572.21573 303494557.52518064 282132208.3842314 319155970.5643707 4472.5555338942695 -230.09445991072226 23291.84826397843
133122505030.86139 381170082.72796685 354108135.36456853 400035958.2917382 16599.365017129578 2201.7790017919815 64924.68254106473
147537349270.69434 478610030.0849701 444083426.907073 501895869.456707 49426.47406406709 13658.51453160413 154857.90677601658
163513069595.3815 600604330.5302669 556463184.1792468 630440540.2295933 121909.82318008164 44047.94191532903 330118.3314121885
181218681646.8372 753092667.216066 696734866.1063384 792999412.526203 263345.322065832 108975.12272570991 646749.1315976903
200841502511.5838 943712101.2449443 871691184.9963574 998543335.628132 519632.21791503107 236545.51478320948 1181529.4891047445
222589132447.83942 1182499962.7715147 1089707826.5360982 1257703033.1772614 961948.0870981116 476591.6195267659 2034912.795692678
246691651199.05417 1482318532.7669988 1361176454.4262638 1583624514.7099798 1695829.9184939442 905723.6098907243 3347444.3671303457
273404052129.8899 1859660616.3043346 1699002632.9333344 1992618548.5009875 2875534.270358948 1638697.0192234302 5315909.070347533
303008939936.6339 2335453331.3742733 2119268780.7264721 2505093649.332436 4720787.482757657 2843269.565495221 8212077.293871081
335819520472.5914 2933668212.6721077 2642459319.3505044 3148216827.9094205 7509864.417109851 4747421.521199056 12384156.579693997
372182914319.3746 3682199455.8079233 3294592175.3048105 3957702526.7374063 11606294.73244823 7665847.119628215 18287470.11588295
412483829160.16077 4614725821.287689 4108538634.1328297 4979660547.347637 17505454.15757003 12041147.519290136 26534086.136318937
457148629806.86523 5771777862.391628 5125912768.19164 6273774543.183783 25882027.446165945 18493352.850988425 37947110.282834955
506649848940.2593 7202287662.201371 6396325440.372906 7910198935.214047 37638957.46388571 27835182.141933028 53574474.46355333
561511186284.4996 8966005553.99817 7970736670.513017 9952634491.474195 53947549.061489865 41003092.75794463 74605082.08009848
622313049105.0507 11134950661.022663 9905475951.255432 12465534603.788046 76365841.23230173 59184497.364090964 102500817.88746908
689698692645.827 13795422407.892595 12263047954.7906 15513539521.520044 106978172.60194987 83919059.17739813 139092726.39597356
764381025468.5214 17048716166.606089 15110304499.63693 19155531179.69789 148561337.22642493 117206117.38524054 186683169.86190256
847150151691.4553 20963252597.787624 18497716285.23607 23427444905.205746 204413928.41952813 161679286.38567385 248465662.6230833
938881729921.2347 25528800062.425232 22437451051.65459 28320429332.895336 278285905.09512967 220823704.96020398 328962371.9389411
1040546237310.8906 30656699070.15096 26895263299.89671 33759236327.75488 374798298.8559382 299219692.53354615 434221416.86416566
1153219236753.7937 36136122202.59132 31762445585.138134 39563381820.67071 499659207.93394625 402894495.7229567 572325190.0728115
1278092755835.5688 41623251209.074715 36845471317.09514 45436001597.06367 660043920.7888361 539664731.7492802 753852113.6115867
1416487897927.86 46949400005.49765 42035058766.56657 51213980423.13986 865882727.4205883 718834446.4709218 991082159.7664846
1569868818843.5605 52071145620.30543 47268604461.736984 56822612109.531494 1130432708.92317 951834558.9011142 1298902771.2421896
1739858216919.817 56987905702.42438 52469952709.56528 62201831811.93499 1470985555.539697 1253089457.802985 1696058998.5036077
1928254500406.8008 61775704123.02087 57549762133.70366 67325843625.611115 1910138590.7758448 1640808864.7788708 2206163339.811275
2137050813785.0474 66535662087.82914 62417633652.99505 72190586066.56198 2475418794.1330686 2136974997.3702621 2858110858.9875364
2368456124300.938 71238351663.93192 67009357118.379364 76762765099.1349 3196878470.92342 2766330167.698197 3685759363.389178
2624918591806.04 75840154200.18681 71296132949.1322 81052401678.08835 4110196458.874358 3558076320.9169273 4730055019.38144
2909151469142.2373 80317902321.71451 75312945055.47408 85162765722.78139 5258146841.880791 4546737370.569334 6040632750.98656
3224161807086.5605 84684429588.88275 79192979508.81943 89335008557.45462 6691701001.564523 5772888416.516863 7677218793.751259
3573282267540.5977 88931771283.83534 83010710944.94177 93726044036.24792 8470766307.448662 7285588185.034188 9706954350.363184
3960206381533.2974 93017239754.0235 86728248079.0779 98325612826.60387 10665078066.43727 9144044430.485453 12203395214.905697
4389027625050.001 96921836125.37476 90317399876.91661 103111006331.80424 13355269780.255795 11417870159.015373 15248365781.871273
4864282726092.103 100674921757.99644 93779058829.45341 108052372355.66246 16633375968.78946 14188177485.566399 18930631791.208557
5390999661135.275 104355558078.86453 97144974715.04617 113113648133.00563 20603766497.86826 17548702806.632164 23347606209.92418
5974750848766.862 107966682379.39532 100398350550.49084 118257612649.60129 25387608993.314926 21607366246.568386 28624672915.88458
6621712103265.6 111491937086.56616 103513390961.54039 123449078446.84409 31120682530.21253 26486166730.45074 34909152991.04931
7338727971825.631 114946579214.239 106492818655.7089 128661405885.58847 37949956878.57204 32320102930.81769 42364778411.08145
8133384146661.306 118400317414.2626 109389642840.82523 133887938736.37067 46029083355.43034 39254815783.87619 51169431457.29253
9014087718079.713 121926993722.45241 112263763724.61975 139125140648.43793 55533984354.40038 47457308681.62671 61523829883.1498
9990156117560.232 125515463289.6705 115104692497.86244 144342507800.80957 66688493619.24413 57133033701.38345 73664996059.35968
11071915691817.496 129148556941.69164 117907221701.98169 149525781634.71597 79741356824.6328 68510646708.550446 87850209787.69432
12270810950715.346 132819579165.00003 120693035533.29207 154700429241.8567 94958427346.39499 81836066904.32767 104347331861.23755
13599525644823.49 136538587872.54488 123521842165.30954 159948696755.6121 112617188756.89748 97368775354.35701 123428083868.18143
15072116953560.492 140295303883.1553 126415140245.8622 165291065627.2617 133044973216.87096 115426257503.65038 145442727658.00772
16704164203570.877 144057964591.93674 129348724521.10582 170674608713.37524 156617763476.13016 136388148432.11298 170829497928.75473
18512933690707.902 147799599196.76138 132295862095.69966 176040293826.5716 183727240718.54193 160669136097.66605 200074950177.8145
20517561349359.86 151507096023.04065 135231109563.75725 181329580762.8887 214760691552.15927 188709602816.92096 233708392452.52652
22739255201677.88 155181498580.97504 138132254640.76657 186492550626.20248 250127687382.15155 220982295683.50583 272303653401.29703
25201519728520.996 158807526953.44397 140976252307.47208 191498491442.78802 290436111967.57166 258053994463.74826 316508100527.0882
27930404535860.598 162382860753.49817 143751719544.44183 196359673821.61475 336424329089.7443 300543338918.426 367009180705.22064
30954779947415.547 165943454887.8613 146473601798.4926 201166019254.02524 388938811862.61743 349086730838.3675 424498041952.1421
34306642439162.203 169587364791.24225 149200827170.06448 206131306465.14243 448944151686.10004 404308141187.7106 489627073250.17566
38021453147069.94 173392749222.03915 151983916324.02603 211460212388.0043 517466794042.65564 466982880091.3736 563171303915.6671
42138513029319.29 177329341485.22458 154809634251.61765 217207112025.7756 595522374709.0283 538215211803.15405 646198301118.4243
46701378652040.195 181340806394.4042 157662388180.38077 223431715344.65274 684117360435.4695 619307806661.575 739898045638.5702
