Mhalo Mcent_50 Mcent_16 Mcent_84 Msat_50 Msat_16 Msat_84
274066528121.61694 1188139967.0550637 1071420682.8881087 1296628125.642421 15704782.066757843 7275445.517590255 25283408.603183206
301222740774.5541 1462526317.790296 1321932964.3894796 1594001889.4336689 22753195.02504365 11308879.693091344 35412670.72195691
331069759527.4039 1791879995.0164127 1621415887.579253 1956924079.085701 32344363.022649996 17185621.102286078 48902976.08145827
363874206149.5516 2185562102.937343 1978308201.6114914 2395579276.3796463 45252875.80208496 25696045.21986359 66736729.93831266
399929120950.13245 2654068589.799762 2402164862.499853 2920666252.6966386 62484185.06863275 37936226.53893162 90180739.54780672
439556580490.9219 3208983282.5227857 2903668493.4674 3542944481.6133056 85344563.46147463 55418382.72769119 120870465.42565508
483110574678.4642 3862922266.471261 3494559959.890965 4272918917.763355 115518053.43199098 80149744.14192541 160897010.1666325
530980168936.35645 4630278685.133694 4187310720.208782 5124604841.062834 155020957.2531083 114033347.35030037 212690918.96649647
583592979705.1693 5527051183.68754 4994743546.273186 6115476668.3953285 206302441.91247112 158864107.19791555 279120712.6522062
641418994316.4908 6570070452.1117935 5929460641.245527 7264324403.831285 272437388.3402754 216625729.36871588 363716851.75749165
704974769363.7897 7776343254.088601 7002838623.395842 8590742892.775696 357291309.93883497 289462762.9339991 470826217.2333347
774828045073.9232 9162363501.218227 8224373602.916728 10114563751.197691 465700396.99902177 379727226.15914255 605767295.7049737
851602816899.2148 10747349959.912582 9611078697.774204 11857981490.838902 603356943.5691332 491346085.94472903 774613104.8745908
935984909634.3519 12552846807.659464 11189089039.266783 13844975761.112478 776989149.9585963 630263475.0977125 984291501.7515061
1028728103851.3832 14599387532.447989 12989534481.276403 16098469032.189243 994776496.148165 804240157.6365366 1242921830.639221
1130660869379.9153 16904510076.30238 15049477103.793339 18638178201.61216 1266658660.5165572 1023407431.2829928 1559967268.9220622
1242693765982.344 19480816780.56487 17411980379.445847 21478690303.805405 1604625530.4428833 1300793922.0360634 1946457336.8393428
1365827577333.8735 22346799053.68819 20108671968.23067 24644325080.053715 2021929801.7567012 1649844513.1783376 2416339279.496106
1501162250967.808 25528380807.91222 23152063867.980522 28172354180.09545 2532997609.5955763 2083965913.75913 2987191528.5631695
1649906724046.0881 29050564503.39502 26537616895.20316 32103918695.45425 3154048237.4034796 2618181106.027776 3680278662.135611
1813389722728.1602 32935316705.62597 30234090315.47875 36483718545.02294 3903047234.7149124 3269092886.58659 4521295456.040513
1993071631608.3435 37199554423.494316 34174325909.31655 41359387234.6181 4799719173.632899 4054817726.6381307 5541087883.795539
2190557539250.7205 41866193349.30917 38325566561.901184 46774478707.61485 5869495916.770594 4997806110.98084 6773128109.499244
2407611576356.5933 46967473225.533936 42716295324.225044 52763502212.419815 7145355283.93459 6125992926.635331 8252651966.451031
2646172674646.5664 52536603578.53812 47397034208.87638 59350194540.6211 8666421212.39907 7471393298.055558 10018298993.836422
2908371887230.4746 58606696069.4853 52449375140.788826 66540349422.55958 10478892391.000929 9070260324.62611 12111552619.682104
3196551425187.053 65209826498.76374 57996931477.59398 74313914288.54626 12636982221.815125 10963150001.815292 14576016586.633001
3513285580406.1416 72380190756.7439 64131516238.12126 82665944095.97237 15199731240.481905 13194842220.119146 17466180292.392296
3861403721595.8228 80155206478.3173 70875296103.03638 91625723050.3661 18229224149.369095 15813823514.608799 20851843719.45037
4244015568876.8115 88572085295.59972 78226486741.56038 101226011850.40721 21792268541.84638 18871072283.345695 24812637924.66239
4664538972740.459 97666778705.24606 86149744775.93257 111503090337.99341 25958800841.50685 22418044855.98999 29438187593.61892
5126730445518.348 107473033111.85422 94562457415.60056 122499527055.20032 30799898205.53891 26504418198.42148 34828783257.86686
5634718718099.388 118028483848.35416 103399800667.74084 134278812721.81004 36409490168.07087 31200369909.879128 41112082750.52568
6193041621654.728 129378988673.9941 112655805745.49991 146940015626.15546 42919066181.36215 36611770408.0275 48455915328.383316
6806686623832.845 141575387287.01273 122331544677.19711 160625122530.85858 50484745967.0431 42867079824.854744 57063892735.25771
7481135381532.591 154675687038.02713 132437695053.16307 175538878732.49298 59290522935.255135 50121276533.29418 67182732340.17473
8222412708241.232 168747804968.61063 143002593924.78372 191972255591.13693 69552370958.6222 58560770330.958176 79110800528.27614
9037140393360.543 183841024706.73917 154060492795.02945 210170246324.64136 81498989766.72575 68371325136.605675 93166670025.34004
9932596354285.637 199961182258.34195 165646847996.09467 230220944560.3614 95354176044.90715 79709181025.70915 109662094502.282
10916779649638.928 217086213976.2469 177829122214.3895 252151061424.90463 111346764611.49751 92717223191.06668 128925671498.27898
11998481934418.84 235157480241.56055 190728211217.45844 275902548769.4434 129700142212.81766 107510128052.95215 151293746902.03064
13187365995368.137 254068432198.53748 204543614949.08798 301293842373.56854 150616743355.05026 124152538363.49321 177094861163.89407
14494052068113.996 273743606986.9079 219418951501.03583 328203632779.0738 174370033683.3008 142754444820.3717 206744107712.58228
15930212707146.084 294223514977.2745 235303736590.51416 356759803841.2741 201397608564.83463 163566478097.53662 240837481576.48123
17508677056100.846 315620171232.8245 252060722471.129 387186031036.31586 232225433210.8288 186887770416.41544 280070648502.4784
19243545449792.703 338152004819.5331 269443619755.86462 419830103016.49347 267476794769.00504 213065013898.05005 325242308397.5733
21150315371726.164 362197740102.2547 287056298924.8752 455221452340.6251 307891464205.4495 242501945307.1133 377265228189.80005
23246019892259.25 388075380413.32025 304565222183.897 493869117102.3599 354297037555.8379 275705250331.3893 437174136338.32935
25549379824080.15 415767482826.2862 321969283065.1086 536011254826.70825 407570387053.2615 313343011211.8449 506131020309.713
28080970954192.535 445141280672.2672 339438226424.1659 581839039310.9451 468683860790.6567 356254690635.93176 585430379070.8451
30863407846283.973 475934516881.7019 357380500107.9818 631502344794.831 538707800837.811 405499236364.21106 676496072982.1182
33921545855373.844 507705507597.3319 376565286338.9223 685085231470.8486 618801898452.7633 462417998609.23956 780869442450.7024
37282703159326.39 540051537899.7139 397695913413.4195 742665433671.9866 710243432474.6428 528382573362.7996 900317046567.555
40976904790624.016 572942595010.9108 420762279769.2209 804406450137.2336 814462594154.9756 604406184580.2867 1036981817958.9182
