8.34 8.8 9.3 9.8 10.3 11.0
41.299644470214844 41.299644470214844 40.450843811035156 33.45215606689453 6.711230754852295 0.019310999661684036
1162.2791748046875 277.3214111328125 73.9923324584961 18.235885620117188 6.782548904418945 0.025981001555919647
755.8505859375 162.6464080810547 56.07827377319336 18.39324378967285 6.893701553344727 0.034109000116586685
647.5166015625 129.6094207763672 51.284603118896484 18.581262588500977 7.017124652862549 0.04373699799180031
673.9041748046875 125.2453842163086 50.588531494140625 18.77846908569336 7.143515110015869 0.054743003100156784
767.9295043945312 146.157958984375 50.040733337402344 18.966758728027344 7.265150547027588 0.0670280009508133
780.8970336914062 144.01882934570312 49.5851936340332 19.14541244506836 7.3820672035217285 0.0804629996418953
978.788330078125 171.7993927001953 50.46480941772461 19.35298728942871 7.509538650512695 0.09551000595092773
726.840087890625 133.07701110839844 49.54832458496094 19.613618850708008 7.656702518463135 0.11288300156593323
692.9357299804688 125.04242706298828 49.662681579589844 19.919052124023438 7.820202827453613 0.133215993642807
920.34619140625 151.80337524414062 51.419010162353516 20.23954200744629 7.988635540008545 0.15664200484752655
873.0533447265625 147.10586547851562 53.39177322387695 20.533828735351562 8.143022537231445 0.18370500206947327
839.4668579101562 143.63320922851562 53.43605041503906 20.793458938598633 8.287771224975586 0.21345099806785583
868.0598754882812 144.7948760986328 53.626976013183594 21.04050064086914 8.426865577697754 0.24691098928451538
964.3719482421875 151.4762420654297 55.96097183227539 21.331378936767578 8.581923484802246 0.28505000472068787
1035.74560546875 186.9549560546875 65.00576782226562 21.767314910888672 8.768274307250977 0.3288400173187256
1316.890625 177.434814453125 56.174400329589844 22.46894645690918 9.000286102294922 0.3827340006828308
785.2509765625 163.07009887695312 56.68570327758789 23.13698387145996 9.329376220703125 0.4531729817390442
641.5736083984375 140.20932006835938 57.77750015258789 24.023319244384766 9.720532417297363 0.5452710390090942
542.9691162109375 121.40974426269531 57.0922966003418 23.998083114624023 9.821693420410156 0.640612006187439
565.7048950195312 115.17168426513672 52.822322845458984 22.079444885253906 9.129354476928711 0.6688639521598816
530.6300048828125 95.35208129882812 43.93415069580078 18.521732330322266 7.97330379486084 0.6089999675750732
541.548583984375 95.05426025390625 37.429229736328125 15.829577445983887 7.102181911468506 0.5497810244560242
413.1310729980469 88.73867797851562 31.036357879638672 14.41806697845459 6.642787456512451 0.5356860160827637
180.5730438232422 45.3463249206543 27.71878433227539 13.707387924194336 6.4238739013671875 0.5531070232391357
242.35060119628906 48.86625671386719 26.97480583190918 13.226733207702637 6.278081893920898 0.5812169909477234
404.6783142089844 55.62392044067383 26.7247257232666 12.766730308532715 6.134784698486328 0.6100649833679199
400.89263916015625 57.45280075073242 25.936668395996094 12.342445373535156 6.0039448738098145 0.6402029991149902
537.98974609375 80.08882904052734 28.38087272644043 12.106527328491211 5.9248480796813965 0.6753720045089722
1522.9296875 165.46693420410156 28.8957576751709 13.041239738464355 5.911190986633301 0.7162820100784302
651.916748046875 85.821533203125 32.782833099365234 16.11820411682129 5.947038173675537 0.7612340450286865
531.2140502929688 84.03334045410156 33.638427734375 16.11148452758789 6.012254238128662 0.8075469732284546
555.263916015625 89.94654083251953 33.67843246459961 15.599607467651367 6.107773780822754 0.854640007019043
605.0751953125 98.3160400390625 33.97222900390625 15.833085060119629 6.230068206787109 0.9020580053329468
668.0948486328125 107.6937026977539 33.910057067871094 15.647643089294434 6.3994059562683105 0.9506250023841858
738.0829467773438 119.03387451171875 34.74357604980469 15.40467357635498 6.908567428588867 1.0022480487823486
815.8782958984375 130.4237823486328 35.72534942626953 15.064783096313477 7.307617664337158 1.059093952178955
953.0562133789062 149.82791137695312 37.26669692993164 14.368633270263672 7.008059501647949 1.123039960861206
1110.49951171875 176.5107879638672 39.25996017456055 14.099056243896484 7.054538726806641 1.1922399997711182
1361.7757568359375 221.93653869628906 44.976078033447266 14.308392524719238 7.22401762008667 1.265289068222046
1850.771240234375 315.7132873535156 56.80510711669922 15.252275466918945 7.679752826690674 1.3426320552825928
2919.512939453125 525.1514282226562 105.60736083984375 37.46711349487305 9.303610801696777 1.425218939781189
4200.50732421875 773.9341430664062 165.9656982421875 37.237003326416016 10.21178150177002 1.5128350257873535
4096.2548828125 895.4705200195312 185.38356018066406 41.65909194946289 10.391881942749023 1.6243500709533691
4963.888671875 1302.4222412109375 300.7056579589844 78.96725463867188 19.847490310668945 3.046229839324951
6849.591796875 2075.30078125 533.4450073242188 161.66983032226562 49.38037109375 5.720256805419922
8114.67138671875 2828.098876953125 833.1796264648438 289.6226806640625 103.66327667236328 24.831743240356445
10251.9267578125 4095.216552734375 1416.169921875 532.2152099609375 170.96644592285156 32.60757064819336
17146.16015625 8169.84912109375 3342.2763671875 1410.2578125 438.4289245605469 42.73982238769531
29204.7734375 16461.076171875 7974.11328125 4045.874267578125 1690.6478271484375 180.93775939941406
48697.5234375 32319.5546875 19535.958984375 11995.5087890625 6411.82373046875 1240.7669677734375
68583.6796875 47678.5546875 29642.88671875 17291.796875 9397.5263671875 1316.469482421875
79188.71875 55247.6796875 34615.49609375 20243.7421875 11079.8974609375 1959.1622314453125
94086.7734375 64532.8359375 39473.34765625 22385.345703125 12362.2490234375 3042.25439453125
97602.21875 63035.046875 35280.15625 18882.953125 9185.638671875 1982.041748046875
99633.6796875 60497.17578125 30457.31640625 15248.427734375 7382.3056640625 1154.9530029296875
104986.3828125 61545.09375 29760.978515625 16171.6328125 8669.2841796875 1097.9588623046875
115959.4296875 73406.5234375 42709.91796875 25694.447265625 12343.9052734375 1796.0860595703125
114648.046875 70411.4140625 39903.32421875 23642.02734375 12404.521484375 1932.8934326171875
121878.3203125 78507.140625 48003.84375 29475.40625 15528.833984375 2089.436279296875
117071.1015625 74761.796875 46158.7265625 29240.912109375 15599.1416015625 2044.179931640625
116696.90625 72931.3828125 43333.87109375 25842.8828125 12491.208984375 1638.00341796875
127954.015625 81120.2265625 46273.796875 25501.806640625 11727.4716796875 1742.332763671875
129533.59375 80484.53125 41963.3671875 20864.978515625 9880.9423828125 1818.267822265625
117543.0234375 68900.15625 35049.85546875 17753.908203125 9169.396484375 2137.66015625
160719.609375 102663.6171875 55514.37890625 25912.501953125 10909.1826171875 2022.1944580078125
200867.734375 140522.671875 80790.40625 38915.08203125 17068.84765625 2690.552978515625
135387.265625 88371.7265625 55606.53515625 38130.40625 24575.919921875 5157.4013671875
117266.1484375 75317.5234375 49504.9453125 36361.45703125 24191.419921875 5148.736328125
155654.078125 105142.7890625 67714.0390625 44383.0546875 25762.0625 4634.1826171875
200007.84375 137595.421875 87239.1953125 52324.12109375 26423.00390625 4017.236572265625
184293.578125 122708.1796875 76939.5546875 46247.59375 23369.66796875 3297.195556640625
156652.09375 101170.484375 61278.48046875 34524.36328125 17153.16015625 2824.65576171875
169624.28125 112665.515625 66767.4140625 35020.65234375 16441.08984375 2616.81005859375
190743.9375 131146.25 76585.953125 37864.640625 17602.111328125 2749.887451171875
163880.265625 107868.6015625 58198.32421875 28765.0234375 14098.099609375 2258.7412109375
138381.140625 83429.40625 39136.2734375 19332.931640625 9998.9716796875 1498.556884765625
134502.53125 75892.6640625 31083.95703125 14560.828125 7441.58935546875 1058.1016845703125
108578.9765625 63781.32421875 31416.80078125 16477.05078125 9321.2470703125 1645.452880859375
99493.3046875 64556.13671875 39896.875 25923.740234375 17421.091796875 4757.89306640625
84044.7421875 52131.84375 29487.517578125 16558.77734375 8884.9990234375 1612.1339111328125
33694.45703125 18111.76171875 9075.6494140625 4650.67529296875 2482.152099609375 408.60174560546875
27322.73046875 13523.44140625 6262.4638671875 2969.20361328125 1454.0621337890625 239.8353729248047
41222.015625 20827.666015625 9160.2900390625 4079.668701171875 1685.3536376953125 160.63320922851562
31879.736328125 15231.7646484375 6328.99072265625 2523.642333984375 917.6197509765625 65.43872833251953
25575.2578125 11688.939453125 4743.36669921875 1804.351806640625 605.54443359375 34.23997116088867
19412.998046875 8010.15625 2937.938232421875 1072.055908203125 295.4004821777344 12.517464637756348
13894.8251953125 4989.91845703125 1600.004150390625 520.7431030273438 111.46243286132812 6.03164005279541
10313.83203125 3378.608154296875 994.7749633789062 294.1917724609375 56.789493560791016 3.122159957885742
8336.1865234375 2654.36962890625 782.322998046875 238.69749450683594 45.3775634765625 3.0699493885040283
6652.806640625 2040.1544189453125 585.7460327148438 177.63941955566406 37.57198715209961 3.233253002166748
4430.98583984375 1235.8883056640625 309.41748046875 85.71129608154297 28.70896339416504 3.6423227787017822
4739.4375 1443.972412109375 398.81732177734375 130.3915557861328 40.019775390625 4.661351680755615
3953.469970703125 1112.1766357421875 277.3329162597656 76.52812957763672 32.319847106933594 3.9698519706726074
2923.260498046875 737.4666748046875 169.9997100830078 48.64631652832031 22.3112735748291 3.5437169075012207
2419.047607421875 585.2171630859375 134.6689453125 39.58376693725586 19.5673885345459 3.353118658065796
2053.420166015625 486.6781921386719 117.46582794189453 38.302494049072266 20.26299476623535 3.1252572536468506
1733.7147216796875 403.71185302734375 103.36719512939453 36.13551712036133 18.171308517456055 3.0743632316589355
1449.923828125 334.462890625 92.521728515625 34.93436050415039 15.937206268310547 3.11802077293396
1215.0985107421875 281.2953186035156 84.18622589111328 34.451107025146484 14.024645805358887 3.1070566177368164
1016.2291259765625 241.25450134277344 75.98870086669922 32.21308135986328 12.448284149169922 2.952960729598999
843.726806640625 201.244384765625 67.23833465576172 27.1756534576416 11.550544738769531 2.6072020530700684
687.4944458007812 160.35316467285156 60.43415069580078 23.75080108642578 11.183561325073242 2.504136085510254
596.7055053710938 138.1455078125 54.6352424621582 22.66818618774414 10.913698196411133 2.4675049781799316
489.0893249511719 126.79679107666016 53.89140319824219 22.222536087036133 10.865178108215332 2.658489942550659
441.1299133300781 109.44337463378906 46.883262634277344 22.079065322875977 10.545064926147461 2.5670759677886963
454.823974609375 106.82917022705078 44.98280715942383 22.25384521484375 9.883672714233398 2.081073045730591
403.6109924316406 96.3219985961914 41.93001174926758 21.18267250061035 9.401806831359863 1.8067189455032349
348.94598388671875 85.27308654785156 39.75798416137695 20.221588134765625 9.136499404907227 1.7297329902648926
298.48382568359375 75.04714965820312 38.27341079711914 19.047868728637695 8.688790321350098 1.4210959672927856
258.1397705078125 66.00989532470703 35.72422409057617 17.618301391601562 8.326595306396484 1.3208409547805786
229.25953674316406 59.14588928222656 32.79290008544922 16.356979370117188 7.7797064781188965 1.1070919036865234
199.31065368652344 53.543609619140625 30.951112747192383 15.778741836547852 7.492682933807373 1.0351951122283936
184.65208435058594 51.25946807861328 29.656646728515625 15.141571044921875 7.080151557922363 0.8340439200401306
172.91912841796875 49.96755599975586 28.468236923217773 14.600921630859375 6.767200469970703 0.7132769823074341
155.3937225341797 47.54996871948242 27.384933471679688 14.096906661987305 6.503775119781494 0.6663209795951843
134.717041015625 44.2170524597168 26.382558822631836 13.61229419708252 6.260921478271484 0.622219979763031
91.61405944824219 34.51952362060547 24.929548263549805 13.111468315124512 6.00162410736084 0.5877189636230469
76.121337890625 31.7070255279541 23.798398971557617 12.59937572479248 5.731292724609375 0.5391550064086914
86.83505249023438 30.07457733154297 22.810928344726562 12.057324409484863 5.441080093383789 0.4708290100097656
67.49606323242188 29.261655807495117 22.03510093688965 11.538041114807129 5.176984786987305 0.4195979833602905
132.3241424560547 36.87151336669922 23.461145401000977 11.769242286682129 5.661361217498779 0.38699600100517273
109.36650085449219 36.4788703918457 24.045026779174805 12.004653930664062 6.146730422973633 0.34074899554252625
30.854642868041992 23.212987899780273 18.981447219848633 10.021422386169434 4.413826942443848 0.3033269941806793
107.9811782836914 53.71741485595703 43.708763122558594 31.951444625854492 26.59866714477539 0.25090500712394714
85.00179290771484 44.30213165283203 35.632503509521484 25.129560470581055 20.034244537353516 0.21085500717163086
48.49453353881836 25.087390899658203 17.58926010131836 8.878584861755371 4.041251182556152 0.1795780062675476
33.389286041259766 19.345928192138672 15.578940391540527 8.002399444580078 3.4194560050964355 0.1237500011920929
29.650390625 17.97756004333496 14.599844932556152 7.546245574951172 3.206660032272339 0.09862399846315384
26.880508422851562 16.840423583984375 13.763934135437012 7.130969524383545 3.021955728530884 0.09260399639606476
24.734066009521484 15.834676742553711 13.004790306091309 6.736401557922363 2.8480241298675537 0.07821100205183029
22.888933181762695 14.929132461547852 12.305516242980957 6.3750739097595215 2.69943904876709 0.05828699842095375
21.057422637939453 14.08033275604248 11.654263496398926 6.049693584442139 2.5806519985198975 0.04632300138473511
19.65926170349121 13.32766342163086 11.0753755569458 5.78296422958374 2.5178351402282715 0.04233299940824509
18.47771644592285 12.650036811828613 10.560615539550781 5.561014175415039 2.488433837890625 0.03852500021457672
17.468982696533203 12.071830749511719 10.129578590393066 5.3971848487854 2.503530979156494 0.034940000623464584
16.466339111328125 11.44827938079834 9.640082359313965 5.147865295410156 2.4177589416503906 0.030420999974012375
14.70147705078125 10.342408180236816 8.66720199584961 4.402039527893066 1.8323867321014404 0.025933999568223953
13.633110046386719 9.703017234802246 8.144140243530273 4.0969109535217285 1.6869330406188965 0.021208999678492546
12.8170747756958 9.136948585510254 7.678094387054443 3.8393149375915527 1.5746629238128662 0.019162999466061592
12.174654960632324 8.600048065185547 7.232664585113525 3.596770763397217 1.4683239459991455 0.013539000414311886
11.486023902893066 8.100589752197266 6.8153839111328125 3.3734991550445557 1.371345043182373 0.00955399964004755
11.009015083312988 7.646518707275391 6.4240217208862305 3.1607086658477783 1.27516508102417 0.005766000133007765
10.321114540100098 7.218754768371582 6.0546698570251465 2.965794324874878 1.191362977027893 0.005222999956458807
9.620062828063965 6.780411243438721 5.682991027832031 2.766587018966675 1.1065499782562256 0.002360000042244792
8.423201560974121 6.346066474914551 5.328372001647949 2.575385808944702 1.0232200622558594 0.0
8.24595832824707 5.971477031707764 4.9979376792907715 2.391840696334839 0.9427610635757446 0.0
7.970095157623291 5.707785129547119 4.705864906311035 2.2328860759735107 0.8732669949531555 0.0
7.3567585945129395 5.403830051422119 4.440239429473877 2.090441942214966 0.8127530217170715 0.0
6.499983310699463 5.04590368270874 4.199580669403076 1.963392972946167 0.7644870281219482 0.0
5.788148403167725 4.698276996612549 3.9683430194854736 1.8370000123977661 0.7135640382766724 0.0
5.312812328338623 4.420073509216309 3.7603163719177246 1.7271018028259277 0.6678360104560852 0.0
4.965319633483887 4.182853698730469 3.5677452087402344 1.6270698308944702 0.6292120218276978 0.0
4.68676233291626 3.978630542755127 3.3827860355377197 1.5300278663635254 0.593021035194397 0.0
4.4749908447265625 3.8193938732147217 3.2107083797454834 1.4420990943908691 0.5582540035247803 0.0
4.322685241699219 3.7086713314056396 3.0530457496643066 1.3647412061691284 0.5310860276222229 0.0
4.259815216064453 3.684835433959961 2.901686668395996 1.2894350290298462 0.5039889812469482 0.0
4.246398448944092 3.6982109546661377 2.7579445838928223 1.2160030603408813 0.4776790142059326 0.0
4.264785289764404 3.736236810684204 2.6284186840057373 1.1503859758377075 0.45502200722694397 0.0
4.321054935455322 3.806544780731201 2.5094118118286133 1.0879560708999634 0.4326840043067932 0.0
4.4539475440979 3.9470019340515137 2.3988077640533447 1.0270049571990967 0.4070010185241699 0.0
4.684300422668457 4.176156520843506 2.299628734588623 0.9722179174423218 0.38403797149658203 0.0
4.790574550628662 4.275877475738525 2.19911789894104 0.9123019576072693 0.3587760329246521 0.0
4.635193824768066 4.109521865844727 2.0996310710906982 0.8502650260925293 0.328559011220932 0.0
4.17972993850708 3.6335902214050293 2.0111072063446045 0.796562910079956 0.2977280020713806 0.0
3.642685890197754 3.0520410537719727 1.9209305047988892 0.7397810816764832 0.2638639807701111 0.0
3.2482151985168457 2.600263833999634 1.8291423320770264 0.68299400806427 0.22829702496528625 0.0
2.9902498722076416 2.300964593887329 1.7554577589035034 0.6429070234298706 0.20603500306606293 0.0
2.8050973415374756 2.0976340770721436 1.6854522228240967 0.6056230068206787 0.18584801256656647 0.0
2.6733033657073975 1.9486520290374756 1.620439052581787 0.5713549852371216 0.16576001048088074 0.0
2.56955623626709 1.8332692384719849 1.5607179403305054 0.5398099422454834 0.14610299468040466 0.0
2.497610092163086 1.7514197826385498 1.5117429494857788 0.5165730118751526 0.13325199484825134 0.0
2.459351062774658 1.688159704208374 1.467246174812317 0.4959750473499298 0.12313400208950043 0.0
2.463970422744751 1.6316003799438477 1.4247722625732422 0.47619497776031494 0.11286801099777222 0.0
2.4303395748138428 1.5907163619995117 1.3867523670196533 0.4600609838962555 0.10467199236154556 0.0
2.30775785446167 1.5674329996109009 1.34762442111969 0.44213399291038513 0.09635400027036667 0.0
2.193516731262207 1.5811220407485962 1.308797001838684 0.4272630214691162 0.08862800151109695 0.0
2.089660406112671 1.5722817182540894 1.277818202972412 0.41673094034194946 0.0834140032529831 0.0
2.0161163806915283 1.5510039329528809 1.2463001012802124 0.4057580232620239 0.07770999521017075 0.0
1.9589741230010986 1.515328049659729 1.213927149772644 0.3947179913520813 0.07382400333881378 0.0
1.9178009033203125 1.483628749847412 1.184567928314209 0.3875400125980377 0.0703589990735054 0.0
1.863273024559021 1.4392969608306885 1.1547340154647827 0.38020098209381104 0.06631900370121002 0.0
1.839717149734497 1.4073833227157593 1.1274532079696655 0.3752250075340271 0.0634780004620552 0.0
1.8454269170761108 1.3876163959503174 1.1015639305114746 0.37150201201438904 0.06153099983930588 0.0
1.8823515176773071 1.3842524290084839 1.0749622583389282 0.3674929440021515 0.05925200507044792 0.0
1.9537053108215332 1.4221807718276978 1.046975016593933 0.36305803060531616 0.057176996022462845 0.0
1.9316215515136719 1.4468350410461426 1.0109601020812988 0.35867100954055786 0.054972004145383835 0.0
1.7230550050735474 1.340772032737732 0.9792390465736389 0.3534420430660248 0.05269699916243553 0.0
1.4691390991210938 1.1611952781677246 0.9462711811065674 0.3483020067214966 0.05028799921274185 0.0
1.4163572788238525 1.0970802307128906 0.9120840430259705 0.3424849808216095 0.04823000356554985 0.0
1.3988492488861084 1.0417582988739014 0.8790910840034485 0.33713793754577637 0.04611099883913994 0.0
1.4293956756591797 0.9999662637710571 0.8481641411781311 0.33188799023628235 0.04399000108242035 0.0
1.5225216150283813 0.9697423577308655 0.8212042450904846 0.32795998454093933 0.04264000058174133 0.0
1.7088841199874878 0.9497602581977844 0.8003211617469788 0.32732298970222473 0.04184800013899803 0.0
1.5889865159988403 0.9113817811012268 0.7822677493095398 0.3270370066165924 0.04044399783015251 0.0
2.493704319000244 0.9215621948242188 0.766585111618042 0.3268740177154541 0.039751000702381134 0.0
3.1079297065734863 0.8961761593818665 0.7497420310974121 0.326992005109787 0.03912699967622757 0.0
3.8211817741394043 0.8902601599693298 0.7383900284767151 0.3263869881629944 0.038217004388570786 0.0
4.798285961151123 0.9027323126792908 0.7291629910469055 0.3258360028266907 0.03725000098347664 0.0
5.3552632331848145 0.9313259720802307 0.7211529016494751 0.3245830237865448 0.03605400025844574 0.0
5.311194896697998 0.9883471131324768 0.7142519950866699 0.3227279782295227 0.035036999732255936 0.0
3.5046546459198 1.0457969903945923 0.7087588906288147 0.32081303000450134 0.0340689979493618 0.0
2.767397880554199 1.0181760787963867 0.7060540914535522 0.320330947637558 0.03316600248217583 0.0
1.819384217262268 0.9620571136474609 0.7036389112472534 0.3188270032405853 0.031780000776052475 0.0
1.3790583610534668 0.9140690565109253 0.7041211128234863 0.3189909756183624 0.031335003674030304 0.0
2.8571107387542725 1.5559748411178589 0.7049190402030945 0.3184109926223755 0.03054100088775158 0.0
1.7220406532287598 1.1736451387405396 0.7062610983848572 0.3183540403842926 0.029676999896764755 0.0
2.4285240173339844 1.7567569017410278 0.7092570066452026 0.31853002309799194 0.028909999877214432 0.0
1.476581335067749 1.149285078048706 0.7127090692520142 0.318634033203125 0.028666000813245773 0.0
1.1935940980911255 0.9477611184120178 0.7161291241645813 0.31841397285461426 0.027854997664690018 0.0
1.2176344394683838 0.9554840326309204 0.7196199893951416 0.31797105073928833 0.026962999254465103 0.0
1.319960117340088 1.0156983137130737 0.7217541337013245 0.3159029483795166 0.02546600066125393 0.0
1.5545703172683716 1.1611440181732178 0.7259199619293213 0.3156319558620453 0.02488900162279606 0.0
3.627298355102539 2.8870370388031006 0.7292109131813049 0.31432899832725525 0.023903001099824905 0.0
2.49497652053833 1.5636708736419678 0.7320529818534851 0.31257200241088867 0.023005999624729156 0.0
3.4469282627105713 2.1982128620147705 0.7345019578933716 0.3104979991912842 0.02169100008904934 0.0
2.4774160385131836 1.2584911584854126 0.7373470067977905 0.3090900182723999 0.021007999777793884 0.0
2.212545156478882 1.053091287612915 0.7413950562477112 0.3088119924068451 0.020344000309705734 0.0
2.5427730083465576 1.0450118780136108 0.7447029948234558 0.30758100748062134 0.019968001171946526 0.0
1.5741301774978638 1.0223389863967896 0.7481568455696106 0.30609697103500366 0.018341999500989914 0.0
1.6681444644927979 1.0209178924560547 0.7538950443267822 0.30648601055145264 0.017843998968601227 0.0
2.1676552295684814 1.016740322113037 0.7602759599685669 0.3073280155658722 0.01702200062572956 0.0
2.208923578262329 1.0216939449310303 0.7666739821434021 0.3080499768257141 0.016540000215172768 0.0
1.906692624092102 1.0264641046524048 0.7704648375511169 0.3062349855899811 0.01512799970805645 0.0
1.9096297025680542 1.0284498929977417 0.774027943611145 0.30427396297454834 0.014646000228822231 0.0
1.916583776473999 1.035202980041504 0.7779900431632996 0.3028489947319031 0.013680998235940933 0.0
1.8680007457733154 1.0307681560516357 0.7805579304695129 0.30045098066329956 0.012980999425053596 0.0
1.8922158479690552 1.0521241426467896 0.782082200050354 0.2971709668636322 0.011495999060571194 0.0
1.9378379583358765 1.0790660381317139 0.7849879860877991 0.29536500573158264 0.01095999963581562 0.0
1.9794318675994873 1.1065361499786377 0.7862440347671509 0.2919849753379822 0.010451000183820724 0.0
2.032329559326172 1.1323480606079102 0.7881239056587219 0.2895659804344177 0.010154999792575836 0.0
2.0987000465393066 1.1504554748535156 0.788176953792572 0.2860099673271179 0.009599999524652958 0.0
2.1959710121154785 1.1695491075515747 0.7874040007591248 0.2827940285205841 0.008675999939441681 0.0
2.2638096809387207 1.176526665687561 0.7844880819320679 0.27835598587989807 0.00814099982380867 0.0
2.3268377780914307 1.1993188858032227 0.7818609476089478 0.2742040157318115 0.007625999860465527 0.0
2.375415086746216 1.1936379671096802 0.7805960774421692 0.2707069516181946 0.007025000173598528 0.0
2.3561251163482666 1.246013879776001 0.7811660170555115 0.2683599889278412 0.0067349998280406 0.0
2.4376840591430664 1.323560118675232 0.7814910411834717 0.2656920254230499 0.006056000478565693 0.0
2.484199285507202 1.3510799407958984 0.7813540697097778 0.26286500692367554 0.005770999938249588 0.0
2.5433106422424316 1.3977186679840088 0.7793360352516174 0.2590549886226654 0.005293999798595905 0.0
2.610898733139038 1.4316458702087402 0.7765920162200928 0.2552100121974945 0.004694000352174044 0.0
2.778843879699707 1.5122697353363037 0.7725899815559387 0.25065597891807556 0.004159000236541033 0.0
2.9969704151153564 1.639104962348938 0.7680540680885315 0.24620996415615082 0.0039450000040233135 0.0
3.200439691543579 1.7215877771377563 0.7619509696960449 0.24061399698257446 0.0036460000555962324 0.0
3.4582595825195312 1.777012586593628 0.7559140920639038 0.23573899269104004 0.003405999857932329 0.0
3.9324591159820557 2.02421498298645 0.7481659054756165 0.22906999289989471 0.00292299990542233 0.0
5.306974411010742 3.013514280319214 0.743224024772644 0.22439900040626526 0.0027069998905062675 0.0
5.921568393707275 3.0346481800079346 0.7399809956550598 0.22037799656391144 0.0026020000223070383 0.0
5.997987270355225 2.306311845779419 0.73664391040802 0.2158370018005371 0.0021899999119341373 0.0
6.505372047424316 1.8245948553085327 0.7343412041664124 0.2124050259590149 0.001986999996006489 0.0
7.032845497131348 1.2721922397613525 0.7304208874702454 0.20821399986743927 0.0015969999367371202 0.0
7.5495829582214355 1.069053053855896 0.7256450653076172 0.2040020078420639 0.0014260000316426158 0.0
7.80098295211792 1.0077322721481323 0.7204610109329224 0.20002099871635437 0.0011480000102892518 0.0
7.492585182189941 0.9626960754394531 0.7142021059989929 0.1957399845123291 0.0010029999539256096 0.0
7.468040466308594 0.9490392208099365 0.7070391178131104 0.19037099182605743 0.0006909999647177756 0.0
7.2483038902282715 0.9384087920188904 0.7020578980445862 0.18649300932884216 0.0006290000164881349 0.0
6.023088455200195 0.9479920864105225 0.6973849534988403 0.18235398828983307 0.0005370000144466758 0.0
5.321380615234375 0.934697151184082 0.6940920352935791 0.17982499301433563 0.0004839999892283231 0.0
4.687772274017334 0.9233640432357788 0.6898139119148254 0.17656300961971283 0.0003849999629892409 0.0
4.182754039764404 0.9145641326904297 0.6852740049362183 0.17315199971199036 0.0002789999998640269 0.0
3.811655044555664 0.9074950218200684 0.6801749467849731 0.1688079982995987 0.00018899999849963933 0.0
3.5068233013153076 0.9024839997291565 0.6762339472770691 0.1651020050048828 0.00017899999511428177 0.0
3.389925241470337 0.9005900621414185 0.6737449169158936 0.16277700662612915 0.00017299999308306724 0.0
3.4457733631134033 0.8978842496871948 0.6685859560966492 0.1583930253982544 0.00014699999883305281 0.0
3.563430070877075 0.8951952457427979 0.6627129912376404 0.15408897399902344 0.00012599999899975955 0.0
3.729702949523926 0.8919681906700134 0.6557679772377014 0.149275004863739 0.00010199999815085903 0.0
3.4959845542907715 0.8853832483291626 0.6471909880638123 0.1444309800863266 8.70000003487803e-05 0.0
3.6284830570220947 0.8768020272254944 0.637732982635498 0.1398179829120636 7.899999764049426e-05 0.0
3.7639920711517334 0.8653429746627808 0.6266059875488281 0.1347779780626297 7.200000254670158e-05 0.0
3.8084590435028076 0.8508471846580505 0.6144970655441284 0.12877999246120453 6.800000119255856e-05 0.0
3.8524322509765625 0.8365001082420349 0.6029359698295593 0.12366500496864319 6.399999983841553e-05 0.0
3.844619035720825 0.8217041492462158 0.5912779569625854 0.11903199553489685 6.0999998822808266e-05 0.0
3.8512935638427734 0.8072400689125061 0.579613983631134 0.11447899788618088 5.699999746866524e-05 0.0
3.8500514030456543 0.7922942638397217 0.567861020565033 0.11016999185085297 5.400000372901559e-05 0.0
3.9037656784057617 0.7767799496650696 0.5563509464263916 0.10640500485897064 3.099999958067201e-05 0.0
3.96380615234375 0.7604911923408508 0.544913113117218 0.10253400355577469 1.6999998479150236e-05 0.0
4.061409950256348 0.740584135055542 0.5328080058097839 0.09811599552631378 1.5999999959603883e-05 0.0
4.163399696350098 0.7268880605697632 0.5220050811767578 0.0946979895234108 1.500000053056283e-05 0.0
4.2481818199157715 0.7133541107177734 0.5100910663604736 0.0901700034737587 9.999999747378752e-06 0.0
4.323518753051758 0.7015262246131897 0.49828705191612244 0.08562900125980377 4.999999873689376e-06 0.0
4.37587308883667 0.6925773620605469 0.48739612102508545 0.0817829892039299 1.9999999949504854e-06 0.0
4.420110702514648 0.6858361959457397 0.4763370156288147 0.07782299816608429 0.0 0.0
4.462052345275879 0.6821102499961853 0.46552202105522156 0.07399199903011322 0.0 0.0
4.510916233062744 0.6818509101867676 0.4549330174922943 0.07022899389266968 0.0 0.0
4.57248592376709 0.6860529780387878 0.4449120759963989 0.06733899563550949 0.0 0.0
4.666466236114502 0.6955012679100037 0.4345950186252594 0.06372399628162384 0.0 0.0
4.791113376617432 0.7184301614761353 0.4246029257774353 0.06023800000548363 0.0 0.0
2.2527408599853516 0.5704171061515808 0.4150060713291168 0.05719299986958504 0.0 0.0
5.102752208709717 0.7602291703224182 0.405752032995224 0.05460500344634056 0.0 0.0
5.238785266876221 0.7746503949165344 0.3954620659351349 0.05138499662280083 0.0 0.0
5.366380214691162 0.7880122065544128 0.3854600191116333 0.048444997519254684 0.0 0.0
5.581735134124756 0.8054980635643005 0.3760630190372467 0.046157997101545334 0.0 0.0
5.622654438018799 0.8273799419403076 0.36700698733329773 0.044200997799634933 0.0 0.0
5.734160900115967 0.8522663712501526 0.357897013425827 0.04201400279998779 0.0 0.0
5.792566299438477 0.8683631420135498 0.3495079576969147 0.04006800055503845 0.0 0.0
5.839526176452637 0.8741180300712585 0.3405269682407379 0.037721000611782074 0.0 0.0
5.493539810180664 0.795711100101471 0.3320900797843933 0.03550700098276138 0.0 0.0
5.581518173217773 0.7909271717071533 0.32336002588272095 0.033288996666669846 0.0 0.0
5.768510341644287 0.7878531813621521 0.3138430118560791 0.031046999618411064 0.0 0.0
5.8946452140808105 0.7932819724082947 0.30415400862693787 0.029026001691818237 0.0 0.0
5.887624740600586 0.7992340922355652 0.2940550446510315 0.026969002559781075 0.0 0.0
6.270358085632324 0.8307698965072632 0.2848309576511383 0.025064000859856606 0.0 0.0
6.474760055541992 0.855475127696991 0.2758149802684784 0.02354300022125244 0.0 0.0
6.813791275024414 0.8953470587730408 0.2677910327911377 0.022089999169111252 0.0 0.0
7.171675205230713 0.9417412281036377 0.25962498784065247 0.020395999774336815 0.0 0.0
7.637539386749268 1.0260132551193237 0.2520020008087158 0.01875999942421913 0.0 0.0
6.890522003173828 1.075688123703003 0.2446579933166504 0.01733500137925148 0.0 0.0
7.095940113067627 1.208083152770996 0.23760606348514557 0.016008999198675156 0.0 0.0
7.456218242645264 1.3938809633255005 0.23084601759910583 0.015057000331580639 0.0 0.0
7.908395767211914 1.5971097946166992 0.224589005112648 0.014322999864816666 0.0 0.0
8.270523071289062 1.7623311281204224 0.2188740223646164 0.013598999939858913 0.0 0.0
8.452735900878906 1.8638668060302734 0.21357101202011108 0.012767000123858452 0.0 0.0
8.104826927185059 1.870121717453003 0.2080080211162567 0.011756000109016895 0.0 0.0
8.388216018676758 1.8985811471939087 0.20262296497821808 0.010996999219059944 0.0 0.0
8.198049545288086 1.8553608655929565 0.1969650238752365 0.01016200054436922 0.0 0.0
8.21330738067627 1.7777667045593262 0.19117900729179382 0.009595999494194984 0.0 0.0
7.398019790649414 1.6106547117233276 0.18565399944782257 0.008803999982774258 0.0 0.0
7.211232662200928 1.4724127054214478 0.1803879737854004 0.008104000240564346 0.0 0.0
6.926966190338135 1.3645191192626953 0.1756640076637268 0.007634999696165323 0.0 0.0
6.6295318603515625 1.280687928199768 0.17109902203083038 0.007152999751269817 0.0 0.0
6.315698623657227 1.1915355920791626 0.16650202870368958 0.0067669996060431 0.0 0.0
5.955231666564941 1.0700609683990479 0.1621370017528534 0.0062420000322163105 0.0 0.0
5.528209209442139 0.9117621183395386 0.1577869951725006 0.005796999670565128 0.0 0.0
5.231764316558838 0.75114506483078 0.15327100455760956 0.005191999953240156 0.0 0.0
4.967777729034424 0.6092442274093628 0.14957402646541595 0.00480400025844574 0.0 0.0
4.903278350830078 0.5363969802856445 0.14583799242973328 0.004443000070750713 0.0 0.0
4.734963893890381 0.462348073720932 0.14249399304389954 0.004198000300675631 0.0 0.0
4.791232585906982 0.45683109760284424 0.13884299993515015 0.003951000049710274 0.0 0.0
4.863093376159668 0.46422111988067627 0.13512098789215088 0.0037250001914799213 0.0 0.0
4.943779945373535 0.4686010777950287 0.1308000087738037 0.0034190001897513866 0.0 0.0
4.973149299621582 0.45849913358688354 0.12672999501228333 0.0031129999551922083 0.0 0.0
5.0037760734558105 0.4426760971546173 0.12280099093914032 0.002833000151440501 0.0 0.0
5.045585632324219 0.4239610731601715 0.11899399757385254 0.002626000205054879 0.0 0.0
5.105586051940918 0.4134221076965332 0.11565200239419937 0.0024270000867545605 0.0 0.0
5.155174255371094 0.40311697125434875 0.1126280128955841 0.002271000063046813 0.0 0.0
5.190614700317383 0.3892379701137543 0.10961400717496872 0.0021360001992434263 0.0 0.0
4.937225341796875 0.326023131608963 0.10695499181747437 0.001997999846935272 0.0 0.0
4.894179344177246 0.3013131618499756 0.10383199900388718 0.001875000074505806 0.0 0.0
4.82270622253418 0.2758079767227173 0.10053300112485886 0.0017200000584125519 0.0 0.0
4.739963054656982 0.2540779709815979 0.09724199771881104 0.0014929999597370625 0.0 0.0
4.644649505615234 0.23642796277999878 0.0941770076751709 0.0013260000851005316 0.0 0.0
4.521230220794678 0.22140194475650787 0.09130701422691345 0.0011980000417679548 0.0 0.0
4.392463207244873 0.21052397787570953 0.08844999223947525 0.0010839999886229634 0.0 0.0
4.245120525360107 0.19980491697788239 0.086123988032341 0.001002000062726438 0.0 0.0
4.084479808807373 0.18973998725414276 0.08378399908542633 0.0009080000454559922 0.0 0.0
3.9089226722717285 0.17939496040344238 0.0814100056886673 0.0008200000156648457 0.0 0.0
3.2700107097625732 0.1635969877243042 0.07897601276636124 0.000750000006519258 0.0 0.0
3.1034934520721436 0.15687596797943115 0.07654298841953278 0.0006569999968633056 0.0 0.0
2.9691317081451416 0.15166594088077545 0.07426698505878448 0.0005929999751970172 0.0 0.0
2.8593826293945312 0.14719492197036743 0.07227399200201035 0.0005530000198632479 0.0 0.0
2.7798237800598145 0.14403599500656128 0.0704760029911995 0.0005179999861866236 0.0 0.0
2.734800338745117 0.14159996807575226 0.06876099854707718 0.0004900000058114529 0.0 0.0
2.7287163734436035 0.14042696356773376 0.06739899516105652 0.00046800001291558146 0.0 0.0
2.751450777053833 0.13947798311710358 0.06601899862289429 0.0004400000034365803 0.0 0.0
2.783450126647949 0.13912194967269897 0.06453199684619904 0.00039400000241585076 0.0 0.0
2.838179111480713 0.13859593868255615 0.06294800341129303 0.000341000035405159 0.0 0.0
2.494788408279419 0.13396796584129333 0.061572007834911346 0.00029299999005161226 0.0 0.0
2.5740487575531006 0.13464893400669098 0.06023799255490303 0.00026199998683296144 0.0 0.0
2.6775739192962646 0.13561195135116577 0.059036001563072205 0.00024300000222865492 0.0 0.0
2.7919113636016846 0.13740290701389313 0.05804000049829483 0.00022799998987466097 0.0 0.0
2.9123494625091553 0.14006495475769043 0.057257991284132004 0.0002099999983329326 0.0 0.0
3.035928964614868 0.1432679146528244 0.05638200044631958 0.00019299999985378236 0.0 0.0
3.156740188598633 0.14706292748451233 0.05578999221324921 0.00017800000205170363 0.0 0.0
3.2877321243286133 0.15168096125125885 0.05507999286055565 0.0001669999910518527 0.0 0.0
3.42401123046875 0.1574469655752182 0.054343003779649734 0.00015300000086426735 0.0 0.0
3.5780131816864014 0.16452887654304504 0.053487006574869156 0.0001449999981559813 0.0 0.0
3.230532169342041 0.16754089295864105 0.05293700471520424 0.00013899999612476677 0.0 0.0
3.3919477462768555 0.17794698476791382 0.05235199257731438 0.00013300000864546746 0.0 0.0
3.5745532512664795 0.19083598256111145 0.05172499269247055 0.00012499999138526618 0.0 0.0
3.7470295429229736 0.20447787642478943 0.05127899348735809 0.00011300000187475234 0.0 0.0
3.9613196849823 0.22186487913131714 0.050902001559734344 0.00010000000474974513 0.0 0.0
4.160006046295166 0.23753485083580017 0.050405994057655334 8.70000003487803e-05 0.0 0.0
4.41045618057251 0.26041892170906067 0.05007099360227585 7.60000039008446e-05 0.0 0.0
4.648403644561768 0.28089597821235657 0.04934799298644066 7.200000254670158e-05 0.0 0.0
4.907590389251709 0.3117921054363251 0.048781994730234146 6.900000153109431e-05 0.0 0.0
5.151121616363525 0.34363415837287903 0.0482499934732914 5.900000178371556e-05 0.0 0.0
4.881572723388672 0.3667970299720764 0.04776999354362488 5.500000042957254e-05 0.0 0.0
5.0944600105285645 0.39161208271980286 0.04724099859595299 5.0999999075429514e-05 0.0 0.0
5.366522789001465 0.43579328060150146 0.04950699582695961 4.999999873689376e-05 0.0 0.0
5.583435535430908 0.45779111981391907 0.05103299394249916 4.600000102072954e-05 0.0 0.0
5.9273176193237305 0.5203253626823425 0.054558996111154556 4.600000102072954e-05 0.0 0.0
6.262511730194092 0.5550641417503357 0.06191699579358101 4.999999873689376e-05 0.0 0.0
6.770124435424805 0.6269574165344238 0.07719899713993073 6.0999998822808266e-05 0.0 0.0
7.595276832580566 0.7260833978652954 0.11183199286460876 9.000000136438757e-05 0.0 0.0
9.197586059570312 0.9444971084594727 0.1830569952726364 0.00033500001882202923 0.0 0.0
11.625443458557129 1.2750003337860107 0.2909879982471466 0.0008820000221021473 0.0 0.0
13.77608585357666 1.8201243877410889 0.4154420495033264 0.001986999996006489 0.0 0.0
16.6072998046875 2.2605698108673096 0.5164440870285034 0.00419900007545948 0.0 0.0
17.971757888793945 2.442692518234253 0.5589310526847839 0.004858999978750944 0.0 0.0
18.014572143554688 2.423114538192749 0.5493250489234924 0.0034829999785870314 0.0 0.0
17.320175170898438 2.293890953063965 0.5162881016731262 0.0030930000357329845 0.0 0.0
16.631824493408203 2.1566755771636963 0.4857611656188965 0.0024129999801516533 0.0 0.0
16.177446365356445 2.0475337505340576 0.4632360339164734 0.0021170000545680523 0.0 0.0
16.12580108642578 1.9951609373092651 0.4567551016807556 0.0019330000504851341 0.0 0.0
16.412574768066406 1.9931730031967163 0.46053606271743774 0.001990000018849969 0.0 0.0
17.093542098999023 2.048220157623291 0.4781060516834259 0.002177000045776367 0.0 0.0
17.60702133178711 2.302281618118286 0.5085949897766113 0.0024709999561309814 0.0 0.0
18.876821517944336 2.4424424171447754 0.542864978313446 0.0028429999947547913 0.0 0.0
20.17669677734375 2.5890488624572754 0.5751780867576599 0.003228000132367015 0.0 0.0
21.39354705810547 2.729539632797241 0.6015710830688477 0.00292599992826581 0.0 0.0
22.388900756835938 2.8465003967285156 0.6189879775047302 0.003136000130325556 0.0 0.0
5.065577507019043 1.7180635929107666 0.6209040284156799 0.0034990001004189253 0.0 0.0
23.651201248168945 3.0052778720855713 0.6254590749740601 0.0030980000738054514 0.0 0.0
24.046878814697266 3.0610291957855225 0.6141810417175293 0.0030239999759942293 0.0 0.0
24.517009735107422 3.134774684906006 0.6016339659690857 0.0016980000073090196 0.0 0.0
25.24740219116211 3.2503089904785156 0.5883200764656067 0.0013689999468624592 0.0 0.0
25.747501373291016 3.5293710231781006 0.5721970796585083 0.00120900000911206 0.0 0.0
26.90765380859375 3.7357676029205322 0.5725270509719849 0.001221999991685152 0.0 0.0
28.047639846801758 3.959749460220337 0.5730870962142944 0.0012390000047162175 0.0 0.0
29.00180435180664 4.175694465637207 0.573015034198761 0.0012469999492168427 0.0 0.0
29.81353759765625 4.3873443603515625 0.5721870064735413 0.001243000035174191 0.0 0.0
30.457515716552734 4.586790561676025 0.5676530003547668 0.001244999933987856 0.0 0.0
30.934642791748047 4.773027420043945 0.5617599487304688 0.0012309999438002706 0.0 0.0
31.2778377532959 4.9442291259765625 0.5515849590301514 0.0012080000014975667 0.0 0.0
31.6574764251709 5.123810768127441 0.5450080633163452 0.001171999960206449 0.0 0.0
32.12869644165039 5.314027786254883 0.5406599640846252 0.001180000021122396 0.0 0.0
33.1756706237793 5.740234851837158 0.5435800552368164 0.0012369999894872308 0.0 0.0
34.45136260986328 6.061469554901123 0.5586199760437012 0.0013500000350177288 0.0 0.0
35.85441207885742 6.3930864334106445 0.5755220055580139 0.0013970000436529517 0.0 0.0
37.36332702636719 6.725215435028076 0.5928990244865417 0.0015579999890178442 0.0 0.0
38.762203216552734 7.01328706741333 0.6112980842590332 0.0017239999724552035 0.0 0.0
39.50896453857422 7.145909309387207 0.617925226688385 0.001829999964684248 0.0 0.0
40.1881217956543 7.237066268920898 0.6258392333984375 0.0019160000374540687 0.0 0.0
39.45787048339844 7.053221702575684 0.6137921214103699 0.0015090000815689564 0.0 0.0
38.7069091796875 6.863485813140869 0.6034442782402039 0.0014120000414550304 0.0 0.0
37.64545440673828 6.62833309173584 0.5887380242347717 0.0005890000029467046 0.0 0.0
37.597381591796875 6.583613872528076 0.5839810371398926 0.0004949999856762588 0.0 0.0
37.17476272583008 6.514765739440918 0.5814050436019897 0.0004720000142697245 0.0 0.0
37.33909225463867 6.576993465423584 0.5814401507377625 0.0005130000063218176 0.0 0.0
37.95265579223633 6.741787433624268 0.5882121324539185 0.000577000027988106 0.0 0.0
39.22753143310547 7.041238307952881 0.604408323764801 0.0006820000126026571 0.0 0.0
41.185035705566406 7.461026191711426 0.6261141896247864 0.0008400000515393913 0.0 0.0
43.46257781982422 7.941771984100342 0.6505522131919861 0.0010430000256747007 0.0 0.0
45.94650650024414 8.459604263305664 0.6771183013916016 0.0012839999981224537 0.0 0.0
48.727699279785156 9.05467414855957 0.7065643668174744 0.0015750000020489097 0.0 0.0
50.845298767089844 9.547062873840332 0.726668119430542 0.0018260000506415963 0.0 0.0
53.72749710083008 9.930066108703613 0.7747630476951599 0.0021379999816417694 0.0 0.0
54.21689224243164 9.945808410644531 0.7750059962272644 0.0022189998999238014 0.0 0.0
55.084774017333984 10.116205215454102 0.7824810743331909 0.0023529999889433384 0.0 0.0
55.49687957763672 10.42686939239502 0.7901721596717834 0.002469999948516488 0.0 0.0
54.62065124511719 10.250551223754883 0.7783511877059937 0.0024139999877661467 0.0 0.0
54.457088470458984 10.32733154296875 0.7794802784919739 0.002455000067129731 0.0 0.0
53.908203125 10.3885498046875 0.7807413339614868 0.002457000082358718 0.0 0.0
53.86738586425781 10.543533325195312 0.7904300689697266 0.002517000073567033 0.0 0.0
53.2258415222168 10.549725532531738 0.7986301183700562 0.002498999936506152 0.0 0.0
52.66703796386719 10.531309127807617 0.8164191246032715 0.002483000047504902 0.0 0.0
52.40018844604492 10.534192085266113 0.971041202545166 0.002437999937683344 0.0 0.0
52.69448471069336 10.691762924194336 1.1069958209991455 0.002498999936506152 0.0 0.0
53.29500198364258 10.95023250579834 1.3116860389709473 0.0025839998852461576 0.0 0.0
53.40167999267578 11.148114204406738 1.579131007194519 0.0026000000070780516 0.0 0.0
52.94554901123047 11.13619327545166 1.845627784729004 0.0025420000310987234 0.0 0.0
52.56370544433594 11.037214279174805 2.0458438396453857 0.0024900001008063555 0.0 0.0
52.00788116455078 11.08828353881836 2.2720742225646973 0.002428000094369054 0.0 0.0
51.393043518066406 11.125226974487305 2.444199800491333 0.0023670000955462456 0.0 0.0
49.057708740234375 10.579627990722656 2.4300246238708496 0.002133999951183796 0.0 0.0
47.38942337036133 10.260954856872559 2.425147294998169 0.0019829999655485153 0.0 0.0
43.298091888427734 8.670404434204102 1.4780603647232056 0.0016540000215172768 0.0 0.0
41.77143096923828 8.321245193481445 1.3497545719146729 0.0015399999683722854 0.0 0.0
40.06035614013672 7.963211536407471 1.2331197261810303 0.0014130000490695238 0.0 0.0
38.90983581542969 7.6240692138671875 1.0991679430007935 0.0013259999686852098 0.0 0.0
38.251651763916016 7.428211212158203 0.9943241477012634 0.0012750000460073352 0.0 0.0
38.32216262817383 7.357831001281738 0.9012142419815063 0.0012669999850913882 0.0 0.0
38.89384841918945 7.394411087036133 0.8302141427993774 0.0012829999905079603 0.0 0.0
39.51618576049805 7.422391891479492 0.7747849225997925 0.0012910000514239073 0.0 0.0
40.46476364135742 7.539543151855469 0.7395738959312439 0.0013099999632686377 0.0 0.0
41.54438781738281 7.669642448425293 0.7164000868797302 0.001323999953456223 0.0 0.0
40.78231430053711 7.169334411621094 0.6666530966758728 0.0011259999591857195 0.0 0.0
41.04420852661133 7.173667907714844 0.6651331186294556 0.0010819999733939767 0.0 0.0
41.78577423095703 7.268315315246582 0.6709868907928467 0.0010529999854043126 0.0 0.0
42.1403694152832 7.315421104431152 0.6710411310195923 0.001006999984383583 0.0 0.0
42.49434280395508 7.365461826324463 0.6705560088157654 0.000957000011112541 0.0 0.0
42.63605499267578 7.411379814147949 0.6702810525894165 0.0009050000226125121 0.0 0.0
42.362815856933594 7.366154193878174 0.6666870713233948 0.0008399999933317304 0.0 0.0
41.73619079589844 7.2711381912231445 0.6588670015335083 0.0007730000070296228 0.0 0.0
41.45105743408203 7.224606513977051 0.6516419649124146 0.0007200000109151006 0.0 0.0
41.17277908325195 7.182443618774414 0.640635073184967 0.0006750000175088644 0.0 0.0
38.59224319458008 6.417717456817627 0.6294841170310974 0.0004959999932907522 0.0 0.0
39.01080322265625 6.509235382080078 0.6269930601119995 0.0004839999892283231 0.0 0.0
39.95763397216797 6.710253715515137 0.6272769570350647 0.0004889999981969595 0.0 0.0
41.160301208496094 6.96969747543335 0.6268191337585449 0.0005019999807700515 0.0 0.0
42.20729446411133 7.210048198699951 0.6252269148826599 0.000506000011228025 0.0 0.0
43.202064514160156 7.485644817352295 0.6196631193161011 0.0005099999834783375 0.0 0.0
44.139892578125 7.751764297485352 0.6082121133804321 0.0005019999807700515 0.0 0.0
44.559783935546875 7.948014736175537 0.5970319509506226 0.00047500000800937414 0.0 0.0
45.22172927856445 8.197245597839355 0.5870490074157715 0.0004490000137593597 0.0 0.0
45.572444915771484 8.431933403015137 0.5727879405021667 0.0004299999854993075 0.0 0.0
42.7871208190918 7.569721221923828 0.5485451221466064 0.00034699999378062785 0.0 0.0
44.20082473754883 8.150967597961426 0.5404159426689148 0.0004020000051241368 0.0 0.0
46.34973907470703 9.02129077911377 0.5487840175628662 0.00048499999684281647 0.0 0.0
49.842262268066406 10.334285736083984 0.5921880006790161 0.000598000013269484 0.0 0.0
54.122920989990234 11.89378833770752 0.6767800450325012 0.0007140000234358013 0.0 0.0
59.121437072753906 13.522754669189453 0.774692177772522 0.0008430000161752105 0.0 0.0
64.43862915039062 15.095139503479004 0.8593080639839172 0.0009769999887794256 0.0 0.0
68.90502166748047 16.440441131591797 0.9081801772117615 0.0010740000288933516 0.0 0.0
70.35457611083984 17.22891616821289 0.9014740586280823 0.0010560000082477927 0.0 0.0
65.94924926757812 16.759429931640625 0.7815641164779663 0.0008300000336021185 0.0 0.0
51.133636474609375 12.81167221069336 0.6220870614051819 0.0003600000054575503 0.0 0.0
38.708099365234375 10.113686561584473 0.44240400195121765 0.00012599999899975955 0.0 0.0
27.879241943359375 7.360844612121582 0.3044220507144928 2.5999999706982635e-05 0.0 0.0
23.024686813354492 5.98771333694458 0.24338296055793762 7.000000096013537e-06 0.0 0.0
20.65578842163086 5.2535295486450195 0.22182399034500122 3.000000106112566e-06 0.0 0.0
19.709468841552734 4.920023441314697 0.21742698550224304 1.9999999949504854e-06 0.0 0.0
19.43758201599121 4.789677619934082 0.22120700776576996 9.999999974752427e-07 0.0 0.0
19.38939666748047 4.725336074829102 0.22423496842384338 9.999999974752427e-07 0.0 0.0
19.5600643157959 4.732451915740967 0.2304140031337738 9.999999974752427e-07 0.0 0.0
19.42212677001953 4.621198654174805 0.22930195927619934 9.999999974752427e-07 0.0 0.0
15.680959701538086 3.5977911949157715 0.23918898403644562 9.999999974752427e-07 0.0 0.0
15.355215072631836 3.4626481533050537 0.22634997963905334 9.999999974752427e-07 0.0 0.0
14.598600387573242 3.1926653385162354 0.20082996785640717 0.0 0.0 0.0
13.69416618347168 2.8859102725982666 0.1716659963130951 0.0 0.0 0.0
12.802674293518066 2.594388484954834 0.14532898366451263 0.0 0.0 0.0
12.145244598388672 2.3874504566192627 0.12725600600242615 0.0 0.0 0.0
11.629478454589844 2.239072322845459 0.11456799507141113 0.0 0.0 0.0
11.269399642944336 2.148171901702881 0.10721398890018463 0.0 0.0 0.0
11.144824981689453 2.140315055847168 0.10679899156093597 0.0 0.0 0.0
10.98000431060791 2.1291606426239014 0.105833999812603 0.0 0.0 0.0
8.663350105285645 1.6846387386322021 0.11058200150728226 0.0 0.0 0.0
8.625492095947266 1.696151614189148 0.11056898534297943 0.0 0.0 0.0
8.63269329071045 1.7155452966690063 0.11111398786306381 0.0 0.0 0.0
8.658981323242188 1.7350422143936157 0.11125799268484116 0.0 0.0 0.0
8.755692481994629 1.768408179283142 0.1121869906783104 0.0 0.0 0.0
8.867036819458008 1.801123857498169 0.11220800131559372 0.0 0.0 0.0
8.986617088317871 1.832122564315796 0.11138799786567688 0.0 0.0 0.0
9.139654159545898 1.8698375225067139 0.11073299497365952 0.0 0.0 0.0
9.300108909606934 1.9116801023483276 0.10877299308776855 0.0 0.0 0.0
9.464982032775879 1.9592946767807007 0.10535500198602676 0.0 0.0 0.0
7.7202348709106445 1.5394998788833618 0.09806101024150848 0.0 0.0 0.0
7.549478054046631 1.4980862140655518 0.09133899956941605 0.0 0.0 0.0
7.365592002868652 1.4597152471542358 0.08400299400091171 0.0 0.0 0.0
7.116763591766357 1.4080477952957153 0.07663299888372421 0.0 0.0 0.0
6.842909812927246 1.3522357940673828 0.06951700150966644 0.0 0.0 0.0
6.547258377075195 1.294273853302002 0.06237099692225456 0.0 0.0 0.0
6.247832775115967 1.2385610342025757 0.05538100004196167 0.0 0.0 0.0
5.9688944816589355 1.191051721572876 0.048670001327991486 0.0 0.0 0.0
5.713432788848877 1.1497255563735962 0.04258200153708458 0.0 0.0 0.0
5.471900463104248 1.1109838485717773 0.03706899657845497 0.0 0.0 0.0
4.316500663757324 0.8699707388877869 0.029085000976920128 0.0 0.0 0.0
4.155707836151123 0.8503421545028687 0.025094999000430107 0.0 0.0 0.0
3.99812650680542 0.8309887647628784 0.021577000617980957 0.0 0.0 0.0
3.8383631706237793 0.8107390999794006 0.01847500167787075 0.0 0.0 0.0
3.7085366249084473 0.7996706962585449 0.0158890001475811 0.0 0.0 0.0
3.581214666366577 0.7900905013084412 0.013640999794006348 0.0 0.0 0.0
3.452461004257202 0.7804193496704102 0.011678999289870262 0.0 0.0 0.0
3.333623170852661 0.7736170887947083 0.010002999566495419 0.0 0.0 0.0
3.220311164855957 0.7675525546073914 0.008570000529289246 0.0 0.0 0.0
3.1226871013641357 0.7650396823883057 0.007360000163316727 0.0 0.0 0.0
2.5967800617218018 0.6568063497543335 0.00495600001886487 0.0 0.0 0.0
2.5225255489349365 0.652535617351532 0.0041669998317956924 0.0 0.0 0.0
2.4656050205230713 0.6517075300216675 0.0035200000274926424 0.0 0.0 0.0
2.4136176109313965 0.6498876214027405 0.0029689997900277376 0.0 0.0 0.0
2.3681392669677734 0.6474613547325134 0.0024979999288916588 0.0 0.0 0.0
2.3425776958465576 0.6482952237129211 0.0021069999784231186 0.0 0.0 0.0
2.3273584842681885 0.6476323008537292 0.0017770000267773867 0.0 0.0 0.0
2.329432964324951 0.6466889381408691 0.0014959999825805426 0.0 0.0 0.0
2.3335483074188232 0.6396571397781372 0.0012540000025182962 0.0 0.0 0.0
2.296004295349121 0.612566351890564 0.0010430000256747007 0.0 0.0 0.0
1.9629826545715332 0.45421314239501953 0.0006060000159777701 0.0 0.0 0.0
1.8982125520706177 0.41289910674095154 0.0004999999655410647 0.0 0.0 0.0
1.8046880960464478 0.3653673231601715 0.00040599997737444937 0.0 0.0 0.0
1.7013907432556152 0.31735432147979736 0.00032300001475960016 0.0 0.0 0.0
1.5913419723510742 0.27105584740638733 0.00025699997786432505 0.0 0.0 0.0
1.486926555633545 0.2300748974084854 0.00020200001017656177 0.0 0.0 0.0
1.3912498950958252 0.19463396072387695 0.00014800000644754618 0.0 0.0 0.0
1.3048756122589111 0.16473695635795593 0.00011400000948924571 0.0 0.0 0.0
1.2332253456115723 0.14058394730091095 9.200000204145908e-05 0.0 0.0 0.0
1.1744942665100098 0.12155699729919434 7.200000254670158e-05 0.0 0.0 0.0
0.9960187673568726 0.07819399982690811 4.400000034365803e-05 0.0 0.0 0.0
0.9704541563987732 0.0704059973359108 3.7000001611886546e-05 0.0 0.0 0.0
0.9654204249382019 0.06668500602245331 3.2000003557186574e-05 0.0 0.0 0.0
0.9728512763977051 0.06718599051237106 2.700000004551839e-05 0.0 0.0 0.0
0.9923276305198669 0.07379399240016937 2.5000001187436283e-05 0.0 0.0 0.0
1.0139681100845337 0.08573601394891739 2.1000001652282663e-05 0.0 0.0 0.0
1.039879560470581 0.10641799122095108 2.1000001652282663e-05 0.0 0.0 0.0
1.0759183168411255 0.139179989695549 1.9999999494757503e-05 0.0 0.0 0.0
1.1289938688278198 0.19009795784950256 2.2000000171829015e-05 0.0 0.0 0.0
1.191788911819458 0.2568609416484833 2.099999983329326e-05 0.0 0.0 0.0
1.0679348707199097 0.2410559505224228 2.099999983329326e-05 0.0 0.0 0.0
1.0951887369155884 0.276822030544281 2.600000152597204e-05 0.0 0.0 0.0
1.0849360227584839 0.2798271179199219 3.7000001611886546e-05 0.0 0.0 0.0
1.055505633354187 0.26317405700683594 5.5000004067551345e-05 0.0 0.0 0.0
1.0197482109069824 0.23843999207019806 8.600000001024455e-05 0.0 0.0 0.0
0.9869179129600525 0.21598601341247559 0.0001320000010309741 0.0 0.0 0.0
0.9539670944213867 0.19446098804473877 0.0002010000025620684 0.0 0.0 0.0
0.9219412207603455 0.174794003367424 0.00029899997753091156 0.0 0.0 0.0
0.9009212255477905 0.15979702770709991 0.00043299997923895717 0.0 0.0 0.0
0.8837103843688965 0.1471019983291626 0.0006120000616647303 0.0 0.0 0.0
0.7881538271903992 0.1133049726486206 0.0005829999572597444 0.0 0.0 0.0
0.7825208306312561 0.10558298975229263 0.000770999991800636 0.0 0.0 0.0
0.7770460844039917 0.09843999892473221 0.0009889999637380242 0.0 0.0 0.0
0.7716309428215027 0.09178698807954788 0.0012280000373721123 0.0 0.0 0.0
0.7681915760040283 0.0859370157122612 0.0014749999390915036 0.0 0.0 0.0
0.7656567096710205 0.08064301311969757 0.0017149999039247632 0.0 0.0 0.0
0.7592297196388245 0.07524701207876205 0.001896000001579523 0.0 0.0 0.0
0.7588026523590088 0.07114699482917786 0.0020169999916106462 0.0 0.0 0.0
0.7601844668388367 0.06775899231433868 0.002088999841362238 0.0 0.0 0.0
0.760163426399231 0.06461399793624878 0.002106000203639269 0.0 0.0 0.0
0.7193346619606018 0.051059991121292114 0.001340000075288117 0.0 0.0 0.0
0.7271168231964111 0.050004992634058 0.0013180000241845846 0.0 0.0 0.0
0.7362648248672485 0.04946499317884445 0.0012960000894963741 0.0 0.0 0.0
0.7491987347602844 0.04955300688743591 0.0012950000818818808 0.0 0.0 0.0
0.76258385181427 0.04982199892401695 0.0012969999806955457 0.0 0.0 0.0
0.7722938060760498 0.05005799978971481 0.0013230000622570515 0.0 0.0 0.0
0.7876708507537842 0.05097499489784241 0.0013670000480487943 0.0 0.0 0.0
0.8019088506698608 0.051885996013879776 0.0014310000697150826 0.0 0.0 0.0
0.8181210160255432 0.053192999213933945 0.0015290000010281801 0.0 0.0 0.0
0.833071768283844 0.05430299788713455 0.0016349999932572246 0.0 0.0 0.0
0.7950248122215271 0.046063002198934555 0.0011350000277161598 0.0 0.0 0.0
0.7746166586875916 0.04480300098657608 0.0012000000569969416 0.0 0.0 0.0
0.7503385543823242 0.043240997940301895 0.0012710000155493617 0.0 0.0 0.0
0.7227798700332642 0.041338007897138596 0.0013410000829026103 0.0 0.0 0.0
0.6901500225067139 0.03905399888753891 0.001382000045850873 0.0 0.0 0.0
0.6613560318946838 0.036991000175476074 0.0014560000272467732 0.0 0.0 0.0
0.6358299255371094 0.03512699902057648 0.0015300000086426735 0.0 0.0 0.0
0.611278772354126 0.03325199335813522 0.0015950000379234552 0.0 0.0 0.0
0.5915706753730774 0.03159400075674057 0.0016540000215172768 0.0 0.0 0.0
0.5783955454826355 0.030479997396469116 0.00171000009868294 0.0 0.0 0.0
0.5050054788589478 0.025492997840046883 0.0011599999852478504 0.0 0.0 0.0
0.49529334902763367 0.025036998093128204 0.0011860000668093562 0.0 0.0 0.0
0.49119529128074646 0.025148000568151474 0.0012069999938830733 0.0 0.0 0.0
0.49491024017333984 0.026165997609496117 0.001230000052601099 0.0 0.0 0.0
0.5023552179336548 0.02804899774491787 0.001243000035174191 0.0 0.0 0.0
0.5131810307502747 0.031550001353025436 0.0012440000427886844 0.0 0.0 0.0
0.5308511853218079 0.03765900433063507 0.0012420000275596976 0.0 0.0 0.0
0.5535123348236084 0.0475279837846756 0.0012290000449866056 0.0 0.0 0.0
0.5803214907646179 0.06292899698019028 0.0012000000569969416 0.0 0.0 0.0
0.6148915886878967 0.08710698783397675 0.0011610001092776656 0.0 0.0 0.0
0.47206494212150574 0.056808989495038986 0.0007430000114254653 0.0 0.0 0.0
0.48645827174186707 0.07558999210596085 0.0006940000457689166 0.0 0.0 0.0
0.5077821612358093 0.10298596322536469 0.000645000021904707 0.0 0.0 0.0
0.538098156452179 0.1423569619655609 0.0005920000257901847 0.0 0.0 0.0
0.5791736841201782 0.19738298654556274 0.0005339999916031957 0.0 0.0 0.0
0.6345516443252563 0.27095702290534973 0.00047300002188421786 0.0 0.0 0.0
0.7067803740501404 0.3643091917037964 0.00041300003067590296 0.0 0.0 0.0
0.8013095259666443 0.480905145406723 0.00035700001171790063 0.0 0.0 0.0
0.904814600944519 0.6086630821228027 0.00030399998649954796 0.0 0.0 0.0
1.0058627128601074 0.7344532012939453 0.00025599999935366213 0.0 0.0 0.0
0.4980682134628296 0.3076709806919098 0.00014799999189563096 0.0 0.0 0.0
0.509699285030365 0.3355399966239929 0.0001230000052601099 0.0 0.0 0.0
0.5095700621604919 0.35052502155303955 0.00010100000508828089 0.0 0.0 0.0
0.500149130821228 0.35401099920272827 8.399999933317304e-05 0.0 0.0 0.0
0.48096710443496704 0.34591397643089294 7.000000186963007e-05 0.0 0.0 0.0
0.4560200870037079 0.3304919898509979 5.7999997807201e-05 0.0 0.0 0.0
0.42414793372154236 0.3071959912776947 4.8000001697801054e-05 0.0 0.0 0.0
0.38880497217178345 0.27933600544929504 3.899999865097925e-05 0.0 0.0 0.0
0.35169297456741333 0.2487279772758484 3.199999991920777e-05 0.0 0.0 0.0
0.3127938210964203 0.21594001352787018 2.5999999706982635e-05 0.0 0.0 0.0
0.19078898429870605 0.11118599772453308 1.3999999282532372e-05 0.0 0.0 0.0
0.17201891541481018 0.09608200937509537 1.2000000424450263e-05 0.0 0.0 0.0
0.15439490973949432 0.08170299232006073 9.000000318337698e-06 0.0 0.0 0.0
0.13866296410560608 0.06883401423692703 7.000000096013537e-06 0.0 0.0 0.0
0.12525498867034912 0.05797000229358673 6.000000212225132e-06 0.0 0.0 0.0
0.11469598859548569 0.04934099689126015 4.999999873689376e-06 0.0 0.0 0.0
0.10691796243190765 0.04296799749135971 3.999999989900971e-06 0.0 0.0 0.0
0.1018279492855072 0.0386819988489151 3.000000106112566e-06 0.0 0.0 0.0
0.09877193719148636 0.035961005836725235 3.000000106112566e-06 0.0 0.0 0.0
0.0976189449429512 0.034707002341747284 3.000000106112566e-06 0.0 0.0 0.0
0.0912119597196579 0.03194599971175194 9.999999974752427e-07 0.0 0.0 0.0
0.09189697355031967 0.03240999951958656 9.999999974752427e-07 0.0 0.0 0.0
0.09232298284769058 0.03285600244998932 9.999999974752427e-07 0.0 0.0 0.0
0.09086094796657562 0.03242400288581848 9.999999974752427e-07 0.0 0.0 0.0
0.08781594783067703 0.031230995431542397 0.0 0.0 0.0 0.0
0.08490893989801407 0.030129004269838333 0.0 0.0 0.0 0.0
0.08517495542764664 0.03052700124680996 0.0 0.0 0.0 0.0
0.0968819409608841 0.03603000193834305 0.0 0.0 0.0 0.0
0.12385791540145874 0.048653002828359604 0.0 0.0 0.0 0.0
0.19711293280124664 0.08221899718046188 0.0 0.0 0.0 0.0
0.33179405331611633 0.14246301352977753 0.0 0.0 0.0 0.0
0.6035110354423523 0.25795698165893555 0.0 0.0 0.0 0.0
0.8533146977424622 0.3608580231666565 0.0 0.0 0.0 0.0
1.0934574604034424 0.46346500515937805 0.0 0.0 0.0 0.0
1.390396237373352 0.6057720184326172 0.0 0.0 0.0 0.0
1.5834872722625732 0.712988018989563 9.999999974752427e-07 0.0 0.0 0.0
1.6013692617416382 0.7306360006332397 0.0 0.0 0.0 0.0
1.6156508922576904 0.7432170510292053 0.0 0.0 0.0 0.0
1.625328540802002 0.7498111724853516 0.0 0.0 0.0 0.0
1.6387680768966675 0.7553260922431946 0.0 0.0 0.0 0.0
1.7258037328720093 0.8443250060081482 0.0 0.0 0.0 0.0
1.7210792303085327 0.8307870030403137 0.0 0.0 0.0 0.0
1.7093665599822998 0.8109172582626343 0.0 0.0 0.0 0.0
1.6799120903015137 0.780251145362854 0.0 0.0 0.0 0.0
1.6196625232696533 0.7326080203056335 0.0 0.0 0.0 0.0
1.5382556915283203 0.6753860712051392 0.0 0.0 0.0 0.0
1.429168462753296 0.6066809892654419 0.0 0.0 0.0 0.0
1.273677945137024 0.5197769999504089 0.0 0.0 0.0 0.0
1.1223244667053223 0.44200605154037476 0.0 0.0 0.0 0.0
1.0148415565490723 0.389678955078125 0.0 0.0 0.0 0.0
0.9219496250152588 0.3519339859485626 0.0 0.0 0.0 0.0
0.857462465763092 0.3215619921684265 0.0 0.0 0.0 0.0
0.8056902885437012 0.2978220283985138 0.0 0.0 0.0 0.0
0.7609413266181946 0.277862012386322 0.0 0.0 0.0 0.0
0.7194821834564209 0.2600199580192566 0.0 0.0 0.0 0.0
0.6726112961769104 0.24067099392414093 0.0 0.0 0.0 0.0
0.6282612085342407 0.22291402518749237 0.0 0.0 0.0 0.0
0.5928092002868652 0.2088320106267929 0.0 0.0 0.0 0.0
0.5620901584625244 0.19679899513721466 0.0 0.0 0.0 0.0
0.5368279218673706 0.18704599142074585 0.0 0.0 0.0 0.0
0.5006210207939148 0.17538298666477203 0.0 0.0 0.0 0.0
0.4707479774951935 0.16432897746562958 0.0 0.0 0.0 0.0
0.44085997343063354 0.15355901420116425 0.0 0.0 0.0 0.0
0.4090181291103363 0.14214098453521729 0.0 0.0 0.0 0.0
0.37934309244155884 0.13158400356769562 0.0 0.0 0.0 0.0
0.35406798124313354 0.12251298874616623 0.0 0.0 0.0 0.0
0.32941606640815735 0.1137470081448555 0.0 0.0 0.0 0.0
0.30664709210395813 0.10556299984455109 0.0 0.0 0.0 0.0
0.2825269103050232 0.09680400043725967 0.0 0.0 0.0 0.0
0.25688689947128296 0.08739400655031204 0.0 0.0 0.0 0.0
0.22428789734840393 0.07656101137399673 0.0 0.0 0.0 0.0
0.19445288181304932 0.06483399868011475 0.0 0.0 0.0 0.0
0.17379792034626007 0.05670600011944771 0.0 0.0 0.0 0.0
0.1589088886976242 0.05078600347042084 0.0 0.0 0.0 0.0
0.14798593521118164 0.046400997787714005 0.0 0.0 0.0 0.0
0.14109593629837036 0.043469998985528946 0.0 0.0 0.0 0.0
0.13680998980998993 0.04163200035691261 0.0 0.0 0.0 0.0
0.13388395309448242 0.04033900052309036 0.0 0.0 0.0 0.0
0.13141697645187378 0.03919699788093567 0.0 0.0 0.0 0.0
0.1294579803943634 0.038336001336574554 0.0 0.0 0.0 0.0
0.12207090854644775 0.03666900098323822 0.0 0.0 0.0 0.0
0.1200869157910347 0.03594899922609329 0.0 0.0 0.0 0.0
0.11661092191934586 0.03469900041818619 0.0 0.0 0.0 0.0
0.11253993213176727 0.03313799947500229 0.0 0.0 0.0 0.0
0.10698994249105453 0.031089002266526222 0.0 0.0 0.0 0.0
0.10094396770000458 0.028776997700333595 0.0 0.0 0.0 0.0
0.09426094591617584 0.026319000869989395 0.0 0.0 0.0 0.0
0.0874299705028534 0.023824000731110573 0.0 0.0 0.0 0.0
0.08144795894622803 0.02168700098991394 0.0 0.0 0.0 0.0
0.07607495039701462 0.019794998690485954 0.0 0.0 0.0 0.0
0.06946296244859695 0.01830899901688099 0.0 0.0 0.0 0.0
0.06584996730089188 0.0170889999717474 0.0 0.0 0.0 0.0
0.06288295984268188 0.016119999811053276 0.0 0.0 0.0 0.0
0.06056796386837959 0.015411999076604843 0.0 0.0 0.0 0.0
0.05843697860836983 0.014782999642193317 0.0 0.0 0.0 0.0
0.056456975638866425 0.01414399966597557 0.0 0.0 0.0 0.0
0.05466298386454582 0.013662000186741352 0.0 0.0 0.0 0.0
0.05303597077727318 0.013248000293970108 0.0 0.0 0.0 0.0
0.05138198658823967 0.012843999080359936 0.0 0.0 0.0 0.0
0.04971598461270332 0.012450000271201134 0.0 0.0 0.0 0.0
0.04648600146174431 0.011849000118672848 0.0 0.0 0.0 0.0
0.04485299438238144 0.011441999115049839 0.0 0.0 0.0 0.0
0.04323200508952141 0.011022000573575497 0.0 0.0 0.0 0.0
0.04146398976445198 0.010466999374330044 0.0 0.0 0.0 0.0
0.04006999358534813 0.01013999991118908 0.0 0.0 0.0 0.0
0.038743000477552414 0.009850000962615013 0.0 0.0 0.0 0.0
0.0373229943215847 0.009520999155938625 0.0 0.0 0.0 0.0
0.035909004509449005 0.00920099951326847 0.0 0.0 0.0 0.0
0.03459900617599487 0.008907999843358994 0.0 0.0 0.0 0.0
0.033433008939027786 0.00866799894720316 0.0 0.0 0.0 0.0
0.03176300227642059 0.008448000065982342 0.0 0.0 0.0 0.0
0.030840005725622177 0.00827499944716692 0.0 0.0 0.0 0.0
0.030149005353450775 0.008179999887943268 0.0 0.0 0.0 0.0
0.029808003455400467 0.008201999589800835 0.0 0.0 0.0 0.0
0.029859008267521858 0.0083600003272295 0.0 0.0 0.0 0.0
0.030490001663565636 0.008713999763131142 0.0 0.0 0.0 0.0
0.03125999867916107 0.009115999564528465 0.0 0.0 0.0 0.0
0.03206499665975571 0.009517000056803226 0.0 0.0 0.0 0.0
0.03272800147533417 0.009914999827742577 0.0 0.0 0.0 0.0
0.033201999962329865 0.010181998834013939 0.0 0.0 0.0 0.0
0.03283700346946716 0.01024399884045124 0.0 0.0 0.0 0.0
0.03247100114822388 0.01020399946719408 0.0 0.0 0.0 0.0
0.031268004328012466 0.009876999072730541 0.0 0.0 0.0 0.0
0.02976800501346588 0.009433000348508358 0.0 0.0 0.0 0.0
0.027886997908353806 0.008822999894618988 0.0 0.0 0.0 0.0
0.026052001863718033 0.008268999867141247 0.0 0.0 0.0 0.0
0.024014003574848175 0.007557000033557415 0.0 0.0 0.0 0.0
0.02224600315093994 0.007011000532656908 0.0 0.0 0.0 0.0
0.02069600112736225 0.006539999973028898 0.0 0.0 0.0 0.0
0.019270000979304314 0.0060890004970133305 0.0 0.0 0.0 0.0
0.01790900155901909 0.005667000077664852 0.0 0.0 0.0 0.0
0.016824999824166298 0.005331999622285366 0.0 0.0 0.0 0.0
0.015917997807264328 0.005060000345110893 0.0 0.0 0.0 0.0
0.015130998566746712 0.004821000155061483 0.0 0.0 0.0 0.0
0.014446000568568707 0.004597000312060118 0.0 0.0 0.0 0.0
0.013902999460697174 0.004441999830305576 0.0 0.0 0.0 0.0
0.01341900136321783 0.00430600019171834 0.0 0.0 0.0 0.0
0.013011000119149685 0.00419399980455637 0.0 0.0 0.0 0.0
0.012685999274253845 0.004106000065803528 0.0 0.0 0.0 0.0
0.012357000261545181 0.0039990004152059555 0.0 0.0 0.0 0.0
0.011986997909843922 0.003866999875754118 0.0 0.0 0.0 0.0
0.01166400033980608 0.003769999835640192 0.0 0.0 0.0 0.0
0.01134599931538105 0.0036750000435858965 0.0 0.0 0.0 0.0
0.011015999130904675 0.0035729999653995037 0.0 0.0 0.0 0.0
0.010642996989190578 0.0034560002386569977 0.0 0.0 0.0 0.0
0.010199000127613544 0.0032909999135881662 0.0 0.0 0.0 0.0
0.009786998853087425 0.003150000236928463 0.0 0.0 0.0 0.0
0.009394999593496323 0.003020999953150749 0.0 0.0 0.0 0.0
0.00895299855619669 0.002878000261262059 0.0 0.0 0.0 0.0
0.008495999500155449 0.0027280000504106283 0.0 0.0 0.0 0.0
0.008053000085055828 0.002584999892860651 0.0 0.0 0.0 0.0
0.007641999516636133 0.002443999983370304 0.0 0.0 0.0 0.0
0.007241999264806509 0.0023040000814944506 0.0 0.0 0.0 0.0
0.006876000668853521 0.0021800000686198473 0.0 0.0 0.0 0.0
0.006523999851197004 0.002059000078588724 0.0 0.0 0.0 0.0
0.006206999998539686 0.0019529999699443579 0.0 0.0 0.0 0.0
0.005926999729126692 0.0018520000157877803 0.0 0.0 0.0 0.0
0.005675000604242086 0.0017630000365898013 0.0 0.0 0.0 0.0
0.005450000520795584 0.0016899998299777508 0.0 0.0 0.0 0.0
0.005239000543951988 0.0016220000106841326 0.0 0.0 0.0 0.0
0.005028999410569668 0.0015460001304745674 0.0 0.0 0.0 0.0
0.004851999692618847 0.001488999929279089 0.0 0.0 0.0 0.0
0.0046800002455711365 0.0014309999532997608 0.0 0.0 0.0 0.0
0.0045090001076459885 0.0013710000785067677 0.0 0.0 0.0 0.0
0.004355000331997871 0.0013200000394135714 0.0 0.0 0.0 0.0
0.004208000376820564 0.001272000023163855 0.0 0.0 0.0 0.0
0.00406700000166893 0.0012240000069141388 0.0 0.0 0.0 0.0
0.003920000046491623 0.0011680001625791192 0.0 0.0 0.0 0.0
0.0037890002131462097 0.0011259999591857195 0.0 0.0 0.0 0.0
0.00366900023072958 0.00108299998100847 0.0 0.0 0.0 0.0
0.0035389999393373728 0.0010349999647587538 0.0 0.0 0.0 0.0
0.00342000019736588 0.0009919999865815043 0.0 0.0 0.0 0.0
0.0033199999015778303 0.0009560000034980476 0.0 0.0 0.0 0.0
0.0032430002465844154 0.0009319999371655285 0.0 0.0 0.0 0.0
0.003176000202074647 0.000910000060684979 0.0 0.0 0.0 0.0
0.003100000321865082 0.000881000014487654 0.0 0.0 0.0 0.0
0.003027000231668353 0.0008509999606758356 0.0 0.0 0.0 0.0
0.002972000278532505 0.0008350000716745853 0.0 0.0 0.0 0.0
0.0029100002720952034 0.0008149999775923789 0.0 0.0 0.0 0.0
0.002849999815225601 0.0007960000075399876 0.0 0.0 0.0 0.0
0.0027789997402578592 0.0007699999841861427 0.0 0.0 0.0 0.0
0.0027089996729046106 0.0007430000114254653 0.0 0.0 0.0 0.0
0.0026489999145269394 0.0007250000489875674 0.0 0.0 0.0 0.0
0.0025760000571608543 0.0007010000408627093 0.0 0.0 0.0 0.0
0.002499000169336796 0.0006750000175088644 0.0 0.0 0.0 0.0
0.0024100004229694605 0.0006440000142902136 0.0 0.0 0.0 0.0
0.002326000016182661 0.0006150000263005495 0.0 0.0 0.0 0.0
0.0022460001055151224 0.0005910000181756914 0.0 0.0 0.0 0.0
0.00215300009585917 0.0005530000198632479 0.0 0.0 0.0 0.0
0.0020729999523609877 0.0005240000318735838 0.0 0.0 0.0 0.0
0.0020009998697787523 0.0005029999883845448 0.0 0.0 0.0 0.0
0.0019320001592859626 0.00048099999548867345 0.0 0.0 0.0 0.0
0.0018570000538602471 0.0004560000088531524 0.0 0.0 0.0 0.0
0.0017839998472481966 0.0004270000208634883 0.0 0.0 0.0 0.0
0.0017229999648407102 0.0004090000002179295 0.0 0.0 0.0 0.0
0.0016710000345483422 0.0003929999948013574 0.0 0.0 0.0 0.0
0.001617999980226159 0.00037900000461377203 0.0 0.0 0.0 0.0
0.001567999948747456 0.00036299999919719994 0.0 0.0 0.0 0.0
0.001517999917268753 0.0003400000277906656 0.0 0.0 0.0 0.0
0.0014769997214898467 0.00033000000985339284 0.0 0.0 0.0 0.0
0.001438999897800386 0.00031700002728030086 0.0 0.0 0.0 0.0
0.0014029999729245901 0.000307999987853691 0.0 0.0 0.0 0.0
0.001361000002361834 0.00029499997617676854 0.0 0.0 0.0 0.0
0.001327000092715025 0.0002849999873433262 0.0 0.0 0.0 0.0
0.0012799999676644802 0.00026699999580159783 0.0 0.0 0.0 0.0
0.0012409999035298824 0.00025699997786432505 0.0 0.0 0.0 0.0
0.00120599998626858 0.00024900000425986946 0.0 0.0 0.0 0.0
0.0011690001701936126 0.0002390000008745119 0.0 0.0 0.0 0.0
0.00113800005055964 0.0002280000044265762 0.0 0.0 0.0 0.0
0.0010950000723823905 0.00021300000662449747 0.0 0.0 0.0 0.0
0.0010650001931935549 0.00020500000391621143 0.0 0.0 0.0 0.0
0.0010350000811740756 0.00019800000882241875 0.0 0.0 0.0 0.0
0.0009950000094249845 0.00018000000272877514 0.0 0.0 0.0 0.0
0.0009660000214353204 0.00017299999308306724 0.0 0.0 0.0 0.0
0.0009389999904669821 0.0001649999903747812 0.0 0.0 0.0 0.0
0.0009139998583123088 0.00015900000289548188 0.0 0.0 0.0 0.0
0.000893999938853085 0.0001539999939268455 0.0 0.0 0.0 0.0
0.000869999872520566 0.00014400000509340316 0.0 0.0 0.0 0.0
0.0008469999302178621 0.00013800000306218863 0.0 0.0 0.0 0.0
0.0008240000461228192 0.00013000000035390258 0.0 0.0 0.0 0.0
0.0008099999977275729 0.00012599999899975955 0.0 0.0 0.0 0.0
0.0007909999112598598 0.00012200000492157415 0.0 0.0 0.0 0.0
0.0007660000119358301 0.0001120000088121742 0.0 0.0 0.0 0.0
0.000750000006519258 0.00011000000813510269 0.0 0.0 0.0 0.0
0.0007350000087171793 0.00010500000644242391 0.0 0.0 0.0 0.0
0.0007159999804571271 9.7999996796716e-05 0.0 0.0 0.0 0.0
0.0007009999826550484 9.500000305706635e-05 0.0 0.0 0.0 0.0
0.0006810000049881637 8.600000001024455e-05 0.0 0.0 0.0 0.0
0.0006670000148005784 8.199999865610152e-05 0.0 0.0 0.0 0.0
0.0006540000322274864 7.999999797903001e-05 0.0 0.0 0.0 0.0
0.0006410000496543944 7.699999696342275e-05 0.0 0.0 0.0 0.0
0.0006250000442378223 7.199999527074397e-05 0.0 0.0 0.0 0.0
0.0006120000034570694 6.500000017695129e-05 0.0 0.0 0.0 0.0
0.0006019999855197966 6.200000643730164e-05 0.0 0.0 0.0 0.0
0.0005870000459253788 5.8000001445179805e-05 0.0 0.0 0.0 0.0
0.000580000109039247 5.6000000768108293e-05 0.0 0.0 0.0 0.0
0.0005720000481233001 5.0999999075429514e-05 0.0 0.0 0.0 0.0
0.0005670000682584941 4.999999873689376e-05 0.0 0.0 0.0 0.0
0.0005600000149570405 4.8000001697801054e-05 0.0 0.0 0.0 0.0
0.0005490000476129353 4.5000000682193786e-05 0.0 0.0 0.0 0.0
0.0005369999562390149 4.099999932805076e-05 0.0 0.0 0.0 0.0
0.0005249999812804163 3.7999998312443495e-05 0.0 0.0 0.0 0.0
0.0005229999078437686 3.699999797390774e-05 0.0 0.0 0.0 0.0
0.0005149999051354825 3.300000389572233e-05 0.0 0.0 0.0 0.0
0.0005109999910928309 3.2000003557186574e-05 0.0 0.0 0.0 0.0
0.000505999953020364 3.000000106112566e-05 0.0 0.0 0.0 0.0
0.0005009999149478972 2.9000000722589903e-05 0.0 0.0 0.0 0.0
0.0004929999704472721 2.700000004551839e-05 0.0 0.0 0.0 0.0
0.00048499993863515556 2.700000004551839e-05 0.0 0.0 0.0 0.0
0.00047599992831237614 2.600000152597204e-05 0.0 0.0 0.0 0.0
0.00046499999007210135 2.2000000171829015e-05 0.0 0.0 0.0 0.0
0.00045900000259280205 2.099999983329326e-05 0.0 0.0 0.0 0.0
0.0004579999949783087 2.099999983329326e-05 0.0 0.0 0.0 0.0
0.00045999998110346496 2.099999983329326e-05 0.0 0.0 0.0 0.0
0.0004610000178217888 2.099999983329326e-05 0.0 0.0 0.0 0.0
0.0004610000178217888 1.9999999494757503e-05 0.0 0.0 0.0 0.0
0.00046300003305077553 1.8999999156221747e-05 0.0 0.0 0.0 0.0
0.00046499999007210135 1.8000000636675395e-05 0.0 0.0 0.0 0.0
0.0004659999976865947 1.8000000636675395e-05 0.0 0.0 0.0 0.0
0.00046599996858276427 1.8000000636675395e-05 0.0 0.0 0.0 0.0
0.0004659999976865947 1.700000029813964e-05 0.0 0.0 0.0 0.0
0.00046799995470792055 1.700000029813964e-05 0.0 0.0 0.0 0.0
0.0004689999914262444 1.5999999959603883e-05 0.0 0.0 0.0 0.0
0.0004710000066552311 1.4999999621068127e-05 0.0 0.0 0.0 0.0
0.0004769999941345304 1.4999999621068127e-05 0.0 0.0 0.0 0.0
0.00048499999684281647 1.3999999282532372e-05 0.0 0.0 0.0 0.0
0.0004970000009052455 1.300000076298602e-05 0.0 0.0 0.0 0.0
0.0005130000063218176 1.3999999282532372e-05 0.0 0.0 0.0 0.0
0.000526999996509403 1.4999999621068127e-05 0.0 0.0 0.0 0.0
0.0005400000954978168 1.2999999853491317e-05 0.0 0.0 0.0 0.0
0.0005489999894052744 1.2999999853491317e-05 0.0 0.0 0.0 0.0
0.0005540000274777412 1.2000000424450263e-05 0.0 0.0 0.0 0.0
0.000560999964363873 1.2000000424450263e-05 0.0 0.0 0.0 0.0
0.0005620000883936882 1.1000000085914508e-05 0.0 0.0 0.0 0.0
0.00056900002527982 9.999999747378752e-06 0.0 0.0 0.0 0.0
0.0005750000709667802 9.999999747378752e-06 0.0 0.0 0.0 0.0
0.0005810000002384186 8.999999408842996e-06 0.0 0.0 0.0 0.0
0.0005870000459253788 8.999999408842996e-06 0.0 0.0 0.0 0.0
0.0005949999904260039 8.999999408842996e-06 0.0 0.0 0.0 0.0
0.0006030000513419509 7.999999979801942e-06 0.0 0.0 0.0 0.0
0.0006070000817999244 7.999999979801942e-06 0.0 0.0 0.0 0.0
0.0006130000110715628 7.999999979801942e-06 0.0 0.0 0.0 0.0
0.000619000056758523 7.999999979801942e-06 0.0 0.0 0.0 0.0
0.000623999978415668 7.999999979801942e-06 0.0 0.0 0.0 0.0
0.0006300000241026282 7.999999979801942e-06 0.0 0.0 0.0 0.0
0.0006360000697895885 7.999999979801942e-06 0.0 0.0 0.0 0.0
0.0006370000774040818 6.000000212225132e-06 0.0 0.0 0.0 0.0
0.000640000042039901 6.000000212225132e-06 0.0 0.0 0.0 0.0
0.000640000042039901 4.999999873689376e-06 0.0 0.0 0.0 0.0
0.0006409999332390726 3.999999989900971e-06 0.0 0.0 0.0 0.0
0.0006399999838322401 3.999999989900971e-06 0.0 0.0 0.0 0.0
0.0006399999838322401 3.999999989900971e-06 0.0 0.0 0.0 0.0
0.0006419999408535659 3.999999989900971e-06 0.0 0.0 0.0 0.0
0.0006459999713115394 3.999999989900971e-06 0.0 0.0 0.0 0.0
0.0006549999234266579 3.999999989900971e-06 0.0 0.0 0.0 0.0
0.000662999926134944 3.999999989900971e-06 0.0 0.0 0.0 0.0
0.0006800000555813313 3.999999989900971e-06 0.0 0.0 0.0 0.0
0.0007029999978840351 4.999999873689376e-06 0.0 0.0 0.0 0.0
0.0007209999021142721 4.999999873689376e-06 0.0 0.0 0.0 0.0
0.0007409999961964786 3.000000106112566e-06 0.0 0.0 0.0 0.0
0.0007530000293627381 3.000000106112566e-06 0.0 0.0 0.0 0.0
0.00076299998909235 3.000000106112566e-06 0.0 0.0 0.0 0.0
0.0007689999765716493 3.000000106112566e-06 0.0 0.0 0.0 0.0
0.0007750000222586095 3.000000106112566e-06 0.0 0.0 0.0 0.0
0.000784000032581389 3.000000106112566e-06 0.0 0.0 0.0 0.0
0.0007830000249668956 1.9999999949504854e-06 0.0 0.0 0.0 0.0
0.0007810000097379088 1.9999999949504854e-06 0.0 0.0 0.0 0.0
0.0007810000097379088 1.9999999949504854e-06 0.0 0.0 0.0 0.0
0.0007810000679455698 1.9999999949504854e-06 0.0 0.0 0.0 0.0
0.000779000052716583 1.9999999949504854e-06 0.0 0.0 0.0 0.0
0.0007720000576227903 1.9999999949504854e-06 0.0 0.0 0.0 0.0
0.0007640000549145043 1.9999999949504854e-06 0.0 0.0 0.0 0.0
0.0007560000522062182 1.9999999949504854e-06 0.0 0.0 0.0 0.0
0.0007470000418834388 1.9999999949504854e-06 0.0 0.0 0.0 0.0
0.0007399999885819852 1.9999999949504854e-06 0.0 0.0 0.0 0.0
0.0007310000364668667 1.9999999949504854e-06 0.0 0.0 0.0 0.0
0.0007239999831654131 9.999999974752427e-07 0.0 0.0 0.0 0.0
0.0007220000261440873 0.0 0.0 0.0 0.0 0.0
0.0007270000642165542 0.0 0.0 0.0 0.0 0.0
0.0007310000364668667 0.0 0.0 0.0 0.0 0.0
0.0007390000973828137 0.0 0.0 0.0 0.0 0.0
0.0007410000544041395 0.0 0.0 0.0 0.0 0.0
0.000742000003810972 0.0 0.0 0.0 0.0 0.0
0.0007420001202262938 0.0 0.0 0.0 0.0 0.0
0.0007410001126118004 0.0 0.0 0.0 0.0 0.0
0.0007330000516958535 0.0 0.0 0.0 0.0 0.0
0.0007250000489875674 0.0 0.0 0.0 0.0 0.0
0.0007170000462792814 0.0 0.0 0.0 0.0 0.0
0.0007090000435709953 0.0 0.0 0.0 0.0 0.0
0.0006990000256337225 0.0 0.0 0.0 0.0 0.0
0.0006850000354461372 0.0 0.0 0.0 0.0 0.0
0.0006720000528730452 0.0 0.0 0.0 0.0 0.0
0.0006559999892488122 0.0 0.0 0.0 0.0 0.0
0.0006399999838322401 0.0 0.0 0.0 0.0 0.0
0.000623999978415668 0.0 0.0 0.0 0.0 0.0
0.0006070000235922635 0.0 0.0 0.0 0.0 0.0
0.000590000010561198 0.0 0.0 0.0 0.0 0.0
0.000572000106330961 0.0 0.0 0.0 0.0 0.0
0.0005560001009143889 0.0 0.0 0.0 0.0 0.0
0.0005410001031123102 0.0 0.0 0.0 0.0 0.0
0.0005230000824667513 0.0 0.0 0.0 0.0 0.0
0.000509000092279166 0.0 0.0 0.0 0.0 0.0
0.0004949999856762588 0.0 0.0 0.0 0.0 0.0
0.0004819999448955059 0.0 0.0 0.0 0.0 0.0
0.0004689999623224139 0.0 0.0 0.0 0.0 0.0
0.0004559999506454915 0.0 0.0 0.0 0.0 0.0
0.00044499998330138624 0.0 0.0 0.0 0.0 0.0
0.00043200000072829425 0.0 0.0 0.0 0.0 0.0
0.00042199998279102147 0.0 0.0 0.0 0.0 0.0
0.0004130000015720725 0.0 0.0 0.0 0.0 0.0
0.0004030000127386302 0.0 0.0 0.0 0.0 0.0
0.00039400000241585076 0.0 0.0 0.0 0.0 0.0
0.00038400001358240843 0.0 0.0 0.0 0.0 0.0
0.000375000003259629 0.0 0.0 0.0 0.0 0.0
0.0003680000372696668 0.0 0.0 0.0 0.0 0.0
0.00036100001307204366 0.0 0.0 0.0 0.0 0.0
0.0003530000103637576 0.0 0.0 0.0 0.0 0.0
0.0003459999861661345 0.0 0.0 0.0 0.0 0.0
0.0003409999771974981 0.0 0.0 0.0 0.0 0.0
0.00033299997448921204 0.0 0.0 0.0 0.0 0.0
0.00032699998700991273 0.0 0.0 0.0 0.0 0.0
0.0003239999641664326 0.0 0.0 0.0 0.0 0.0
0.00032099997042678297 0.0 0.0 0.0 0.0 0.0
0.0003169999981764704 0.0 0.0 0.0 0.0 0.0
0.0003149999538436532 0.0 0.0 0.0 0.0 0.0
