9.35 9.75 10.1
0.0 0.0 0.0
0.252393513917923 0.0013260002015158534 0.00011799999629147351
0.39439859986305237 0.002453000284731388 0.00014000000373926014
0.5936887860298157 0.004297998733818531 0.00017600000137463212
0.9248870611190796 0.006961996667087078 0.00022700001136399806
1.3084267377853394 0.011606993153691292 0.000307999987853691
1.628072738647461 0.019276997074484825 0.0004230000195093453
2.330630302429199 0.030194004997611046 0.0005449999589473009
3.0594635009765625 0.04670698195695877 0.0006070000235922635
4.4250006675720215 0.08003392815589905 0.0008250000537373126
6.37216854095459 0.14005787670612335 0.0014990000054240227
8.652071952819824 0.2204497903585434 0.0022819999139755964
11.521431922912598 0.3370409905910492 0.0035000001080334187
14.674783706665039 0.5007043480873108 0.005469999276101589
17.902172088623047 0.7050037980079651 0.008528999984264374
20.954927444458008 0.9171082377433777 0.012813000939786434
23.51189422607422 1.0779166221618652 0.017572002485394478
23.09663200378418 1.3139115571975708 0.02842799946665764
22.95522117614746 1.588106632232666 0.0525360032916069
23.594722747802734 1.7504855394363403 0.11281599849462509
29.124052047729492 2.295701742172241 0.27177101373672485
36.48979568481445 2.986309289932251 0.5355161428451538
45.00684356689453 3.6671202182769775 0.7331529855728149
47.86693572998047 3.106876850128174 0.8515000939369202
36.62885284423828 2.070922374725342 0.9913421273231506
48.09923553466797 2.483680248260498 0.9165500998497009
67.8041763305664 3.733659505844116 0.8710111379623413
75.47004699707031 4.2590155601501465 1.0195965766906738
89.47193145751953 5.439564228057861 1.1643567085266113
92.25171661376953 6.1146392822265625 1.1342817544937134
68.94735717773438 4.358697891235352 0.8921712636947632
60.660701751708984 3.7431681156158447 0.7256051301956177
63.45512008666992 4.084259986877441 0.691133975982666
70.97718811035156 4.964542865753174 0.7539769411087036
80.18787384033203 6.248879909515381 0.8970502614974976
90.04165649414062 7.724105358123779 1.1012738943099976
100.92662048339844 9.25427532196045 1.3987277746200562
114.20027160644531 11.42713737487793 1.8988689184188843
122.62760162353516 13.349198341369629 2.2297773361206055
130.4759063720703 14.936433792114258 2.2209527492523193
137.36044311523438 16.2651424407959 2.0799033641815186
148.6123504638672 18.419919967651367 2.274216413497925
178.28575134277344 22.70255470275879 2.9379022121429443
178.0384063720703 22.78217124938965 3.211055040359497
170.5938262939453 21.65139389038086 2.882296562194824
171.7338104248047 21.76640510559082 2.690481424331665
173.58839416503906 21.687557220458984 2.184404134750366
168.1125030517578 20.622684478759766 1.7663416862487793
161.07228088378906 19.600370407104492 1.5979355573654175
154.97500610351562 18.91997718811035 1.3708161115646362
149.2703094482422 18.282703399658203 1.2463979721069336
148.29806518554688 18.351703643798828 1.2019774913787842
144.31900024414062 18.00566864013672 1.1473162174224854
144.7441864013672 18.666248321533203 1.1759952306747437
146.35476684570312 19.702342987060547 1.2884234189987183
150.51873779296875 21.30885124206543 1.460724115371704
155.42396545410156 23.108060836791992 1.7224777936935425
160.48268127441406 25.237241744995117 2.153057336807251
168.38519287109375 28.37689781188965 2.6302409172058105
167.0972900390625 29.210941314697266 2.9686765670776367
163.00537109375 29.065488815307617 3.2421979904174805
165.4130859375 30.4854736328125 3.7719061374664307
171.91162109375 31.940670013427734 4.498752117156982
181.67385864257812 34.31840133666992 5.249269008636475
200.7855682373047 41.04722595214844 6.665741920471191
218.01150512695312 49.513816833496094 9.024877548217773
211.05612182617188 48.56304931640625 9.442261695861816
182.04275512695312 38.49708557128906 7.16734504699707
172.29859924316406 36.61552810668945 7.108480453491211
183.058837890625 43.60565948486328 9.190590858459473
183.16551208496094 47.121097564697266 10.646547317504883
169.54049682617188 44.19303512573242 10.92190170288086
154.12539672851562 39.878265380859375 10.671853065490723
141.77586364746094 36.274253845214844 9.921916961669922
127.5908432006836 31.37088394165039 8.292990684509277
114.16043090820312 26.636526107788086 6.581515789031982
101.17691040039062 22.2563419342041 5.075385093688965
89.2688980102539 18.60685157775879 3.9291317462921143
75.93575286865234 15.161808967590332 3.035191774368286
70.08607482910156 14.083300590515137 2.8713490962982178
68.26211547851562 13.9550142288208 2.918349027633667
55.564422607421875 11.931139945983887 2.6105353832244873
54.05893325805664 11.644086837768555 2.559237480163574
60.50322723388672 12.68552303314209 2.7091877460479736
59.130455017089844 12.583584785461426 2.6971161365509033
58.73323059082031 12.80663776397705 2.784151315689087
59.10307312011719 13.337817192077637 2.9874300956726074
57.74562454223633 13.418880462646484 3.127678155899048
54.79206085205078 12.965557098388672 3.134598970413208
52.397274017333984 12.498538970947266 3.0156166553497314
50.51113510131836 12.03791332244873 2.8591599464416504
48.62796401977539 11.648187637329102 2.805196523666382
49.10977554321289 12.200879096984863 3.0419294834136963
47.559234619140625 12.065224647521973 3.079892873764038
45.06615447998047 11.542983055114746 2.9965028762817383
43.6338005065918 11.326522827148438 2.993978500366211
42.411006927490234 11.186578750610352 3.0281383991241455
41.24984359741211 11.076434135437012 3.0777437686920166
40.01028060913086 10.93394660949707 3.1138062477111816
38.53999328613281 10.660917282104492 3.067361354827881
36.697872161865234 10.19588565826416 2.90755558013916
35.09701156616211 9.791852951049805 2.758312940597534
33.83245086669922 9.483983993530273 2.6597864627838135
34.21382522583008 9.742420196533203 2.767754554748535
32.67985916137695 9.340493202209473 2.692561626434326
34.47549819946289 10.256209373474121 3.021282196044922
38.11709976196289 12.1727294921875 3.677886724472046
37.93954086303711 12.456775665283203 3.8494246006011963
37.11433410644531 12.478188514709473 3.9606873989105225
36.087623596191406 12.455160140991211 4.0714826583862305
35.02888488769531 12.420884132385254 4.214644908905029
33.966529846191406 12.241228103637695 4.27508020401001
33.052825927734375 12.056591987609863 4.288915634155273
32.88684844970703 12.364397048950195 4.527413845062256
32.72203063964844 12.739776611328125 4.851029872894287
32.13713073730469 12.829612731933594 5.046103477478027
31.285327911376953 12.626790046691895 5.117115497589111
28.268117904663086 10.471556663513184 4.00279426574707
25.39970588684082 8.475831031799316 2.903442621231079
25.21138572692871 8.460883140563965 2.932816505432129
26.407306671142578 9.761922836303711 3.746696710586548
28.360275268554688 12.218389511108398 5.286490440368652
28.067935943603516 12.384366035461426 5.363645553588867
4.572449207305908 1.9788661003112793 0.7942442893981934
26.896747589111328 12.16415786743164 5.421478271484375
25.208843231201172 11.325765609741211 4.9983296394348145
22.2525691986084 9.635128021240234 4.021250247955322
19.516881942749023 8.232379913330078 3.2986977100372314
17.67406463623047 7.3988471031188965 2.925816297531128
16.03223991394043 6.728187084197998 2.6654090881347656
15.009040832519531 6.360604286193848 2.535207509994507
14.508866310119629 6.208702087402344 2.477736234664917
14.23025131225586 6.143486499786377 2.4443092346191406
14.163466453552246 6.179406642913818 2.4524950981140137
14.09004020690918 6.228672504425049 2.476463794708252
14.029890060424805 6.29475736618042 2.516723394393921
13.948366165161133 6.357795238494873 2.5616374015808105
13.719555854797363 6.366240501403809 2.594484567642212
13.584742546081543 6.401418209075928 2.635192632675171
13.517829895019531 6.450441837310791 2.67557692527771
13.318899154663086 6.429874897003174 2.682889461517334
13.017187118530273 6.358729839324951 2.669743776321411
12.887910842895508 6.355263710021973 2.68013858795166
12.77600383758545 6.354460716247559 2.6883256435394287
12.560283660888672 6.319231986999512 2.692445755004883
12.2697114944458 6.246953964233398 2.6824533939361572
12.13696002960205 6.223680019378662 2.6835172176361084
12.14203929901123 6.25181770324707 2.6996662616729736
11.873800277709961 6.170072555541992 2.6818134784698486
11.388853073120117 5.981261730194092 2.619285821914673
10.7933931350708 5.736804485321045 2.5304946899414062
10.361231803894043 5.577336311340332 2.4845664501190186
10.091806411743164 5.4989118576049805 2.4819741249084473
9.994915008544922 5.508630275726318 2.5188260078430176
10.021552085876465 5.580234527587891 2.5780818462371826
10.041234016418457 5.642202854156494 2.626452922821045
10.142932891845703 5.7487616539001465 2.6942970752716064
10.204377174377441 5.831511497497559 2.755603551864624
10.2633638381958 5.91060733795166 2.8180572986602783
10.336301803588867 5.995892524719238 2.8854923248291016
10.410452842712402 6.081003189086914 2.954866647720337
10.488138198852539 6.172613143920898 3.0281777381896973
10.548669815063477 6.254992961883545 3.099245071411133
10.625109672546387 6.3462233543396 3.1762638092041016
10.70280647277832 6.438159942626953 3.2539756298065186
10.79185676574707 6.5350117683410645 3.3333327770233154
10.933483123779297 6.659262180328369 3.42673397064209
11.020132064819336 6.750972270965576 3.5027832984924316
11.123434066772461 6.847605228424072 3.5813846588134766
11.263136863708496 6.961957931518555 3.6697304248809814
11.396773338317871 7.0719804763793945 3.7558820247650146
11.66893196105957 7.25978946685791 3.8845038414001465
12.037812232971191 7.503166675567627 4.044646263122559
12.337194442749023 7.704711437225342 4.181756496429443
12.716043472290039 7.953378200531006 4.348082542419434
13.076117515563965 8.197240829467773 4.51705265045166
13.44437026977539 8.455177307128906 4.701920032501221
13.618640899658203 8.59351634979248 4.816392421722412
13.738260269165039 8.695318222045898 4.9106669425964355
13.83454418182373 8.781850814819336 4.99666166305542
13.884721755981445 8.837346076965332 5.062927722930908
13.920960426330566 8.883316993713379 5.12324857711792
13.974895477294922 8.940716743469238 5.19111442565918
14.043329238891602 9.007845878601074 5.264739036560059
14.130558013916016 9.0873441696167 5.344090938568115
14.23030948638916 9.172931671142578 5.4232988357543945
14.319795608520508 9.246091842651367 5.4907331466674805
14.389795303344727 9.308052062988281 5.551963806152344
14.477507591247559 9.385272026062012 5.623596668243408
14.606657028198242 9.493016242980957 5.715240001678467
14.73801326751709 9.605278968811035 5.8140549659729
14.853875160217285 9.707137107849121 5.910716533660889
14.955781936645508 9.797384262084961 6.001813888549805
15.06690788269043 9.89277458190918 6.095709800720215
14.207799911499023 9.38980484008789 5.852245330810547
15.377012252807617 10.148218154907227 6.325621604919434
15.5117769241333 10.264126777648926 6.432302474975586
15.648651123046875 10.38484001159668 6.542633056640625
15.797808647155762 10.511445045471191 6.650960922241211
15.884052276611328 10.598847389221191 6.726832866668701
15.907637596130371 10.646183967590332 6.778461456298828
15.491607666015625 10.409687042236328 6.66188383102417
15.662273406982422 10.56279468536377 6.77980375289917
15.446725845336914 10.460380554199219 6.738365650177002
15.239941596984863 10.358667373657227 6.692875385284424
15.969049453735352 10.859161376953125 7.0628838539123535
15.73183822631836 10.729537963867188 6.989624977111816
16.049633026123047 10.97140884399414 7.191645622253418
15.682351112365723 10.765962600708008 7.082980632781982
15.375467300415039 10.595212936401367 6.994542121887207
15.435708999633789 10.659850120544434 7.061855316162109
15.631061553955078 10.811751365661621 7.190384387969971
15.8641939163208 10.987495422363281 7.3393683433532715
16.449384689331055 11.398557662963867 7.660189151763916
16.22452163696289 11.271803855895996 7.594098091125488
16.59420394897461 11.5387544631958 7.800266265869141
16.615848541259766 11.55855655670166 7.819027900695801
16.6728458404541 11.618274688720703 7.877607822418213
16.802005767822266 11.740828514099121 8.016555786132812
16.692113876342773 11.73048210144043 8.094219207763672
17.06462287902832 11.983807563781738 8.272295951843262
17.526748657226562 12.282896041870117 8.459420204162598
18.079204559326172 12.64035415649414 8.66450023651123
18.471120834350586 12.916357040405273 8.862481117248535
18.79332160949707 13.147279739379883 9.036580085754395
19.165267944335938 13.412193298339844 9.234940528869629
19.673921585083008 13.737994194030762 9.46111011505127
20.133344650268555 14.05876636505127 9.695629119873047
20.587963104248047 14.379268646240234 9.935323715209961
20.96040153503418 14.648926734924316 10.145454406738281
21.377437591552734 14.95076847076416 10.379981994628906
21.861913681030273 15.297170639038086 10.642364501953125
22.36835289001465 15.653650283813477 10.906854629516602
22.911178588867188 16.031543731689453 11.183589935302734
23.366369247436523 16.348468780517578 11.418408393859863
23.9541072845459 16.755708694458008 11.720040321350098
24.705453872680664 17.225536346435547 12.047503471374512
25.1647891998291 17.547815322875977 12.29283332824707
25.766847610473633 17.965312957763672 12.605816841125488
26.347976684570312 18.360923767089844 12.899824142456055
26.954545974731445 18.766220092773438 13.19631290435791
27.49848175048828 19.130962371826172 13.464935302734375
28.01835060119629 19.476364135742188 13.717856407165527
28.620967864990234 19.880491256713867 14.015802383422852
29.27137565612793 20.31596565246582 14.337705612182617
29.7838134765625 20.656787872314453 14.592175483703613
30.669673919677734 21.152803421020508 14.916515350341797
31.457874298095703 21.67500877380371 15.301874160766602
32.6015739440918 22.434743881225586 15.857613563537598
33.80855941772461 23.244714736938477 16.454347610473633
35.50632095336914 24.389225006103516 17.302417755126953
37.45247268676758 25.715652465820312 18.294628143310547
39.120052337646484 26.85593605041504 19.156970977783203
40.93775939941406 28.1096248626709 20.10969352722168
42.17375564575195 28.942495346069336 20.727758407592773
43.513328552246094 29.852420806884766 21.40532684326172
45.45911407470703 30.991310119628906 22.168981552124023
46.98955535888672 32.00627517700195 22.89811897277832
48.60669708251953 33.06804275512695 23.648468017578125
50.271724700927734 34.148040771484375 24.402713775634766
52.00127410888672 35.26140594482422 25.172040939331055
53.82790756225586 36.43936538696289 25.986711502075195
55.39139175415039 37.414432525634766 26.648447036743164
57.042945861816406 38.445735931396484 27.342758178710938
58.66847610473633 39.44289779663086 28.006269454956055
60.439823150634766 40.52757263183594 28.71584701538086
63.722286224365234 42.3000602722168 29.758867263793945
65.84703826904297 43.5858039855957 30.573461532592773
68.00373077392578 44.869712829589844 31.374834060668945
70.66876983642578 46.49379348754883 32.38230895996094
73.09669494628906 47.921932220458984 33.25373840332031
75.70245361328125 49.46295166015625 34.193729400634766
78.14054107666016 50.8681755065918 35.04716491699219
80.75038146972656 52.38441848754883 35.97503662109375
83.28882598876953 53.82685470581055 36.857994079589844
86.09883880615234 55.439029693603516 37.846126556396484
91.22156524658203 58.01836395263672 39.27926254272461
94.66715240478516 60.02992248535156 40.55075454711914
98.35816192626953 62.20013427734375 41.933956146240234
102.22421264648438 64.47529602050781 43.38996887207031
106.26844787597656 66.86103057861328 44.92249298095703
110.45805358886719 69.34014892578125 46.52960205078125
114.8038558959961 71.91195678710938 48.199867248535156
119.35157012939453 74.60904693603516 49.95772933959961
124.18051147460938 77.48649597167969 51.837547302246094
129.2907257080078 80.52149963378906 53.80177688598633
138.9319610595703 85.41065216064453 56.552978515625
32.61595153808594 22.818437576293945 18.333927154541016
151.16685485839844 92.53715515136719 61.04269027709961
157.62518310546875 96.26580810546875 63.3831901550293
164.42642211914062 100.17505645751953 65.83055877685547
171.04063415527344 103.84722137451172 68.12779998779297
179.56495666503906 108.82601928710938 71.18096160888672
187.8983154296875 113.51866149902344 74.01448822021484
196.61822509765625 118.36859893798828 76.89705657958984
205.5718536376953 123.2518081665039 79.72884368896484
223.225341796875 131.5151824951172 83.81226348876953
233.19155883789062 136.71290588378906 86.6717758178711
242.7801513671875 141.4886016845703 89.17215728759766
254.03492736816406 147.4038848876953 92.43623352050781
268.1219787597656 155.38182067871094 97.24596405029297
277.9879150390625 159.7895965576172 99.25349426269531
290.413818359375 166.03472900390625 102.65770721435547
302.025146484375 171.4191131591797 105.29261016845703
313.82415771484375 176.77981567382812 107.79832458496094
325.97796630859375 182.15728759765625 110.05333709716797
360.4156494140625 197.13632202148438 116.53372955322266
378.8081359863281 206.0762176513672 120.78926086425781
398.7742004394531 215.69189453125 125.19734191894531
420.9939880371094 226.47686767578125 130.1916046142578
445.2294006347656 238.34567260742188 135.82801818847656
470.6650695800781 250.8065185546875 141.81541442871094
501.0639343261719 266.8174133300781 150.62161254882812
524.9177856445312 277.2198791503906 154.57289123535156
554.364990234375 291.5785217285156 161.60220336914062
582.049072265625 303.9170227050781 166.61793518066406
654.7867431640625 333.63861083984375 177.2794189453125
689.3959350585938 348.692626953125 183.04501342773438
728.726318359375 366.5323181152344 190.56423950195312
771.7360229492188 386.3131408691406 199.15599060058594
817.4120483398438 407.1651306152344 208.03579711914062
865.9478149414062 429.373291015625 217.55589294433594
921.3800659179688 456.2088623046875 230.48727416992188
976.2285766601562 481.70306396484375 241.8115692138672
1031.5838623046875 505.1362609863281 249.8340606689453
1099.637939453125 537.0775146484375 263.9145202636719
1284.16455078125 613.7667236328125 291.1039123535156
1377.429443359375 655.1572265625 306.66217041015625
1478.9637451171875 700.1682739257812 323.3877258300781
1589.7303466796875 750.5550537109375 343.38385009765625
1707.5743408203125 803.6517333984375 363.8310241699219
1833.18994140625 859.8165283203125 384.6990051269531
1970.0963134765625 921.8883666992188 408.4822998046875
2117.705322265625 988.3541259765625 433.1044921875
2277.824951171875 1060.496826171875 459.79736328125
2451.1494140625 1138.5079345703125 488.47869873046875
2941.93212890625 1346.741943359375 561.8536987304688
3168.3720703125 1448.6585693359375 599.135009765625
3409.4384765625 1557.800048828125 639.2512817382812
3666.124267578125 1675.9407958984375 683.4581298828125
3936.904052734375 1802.572998046875 731.3663940429688
4223.63134765625 1937.64892578125 781.9664306640625
4527.6123046875 2084.288818359375 837.3380126953125
4822.77099609375 2228.634765625 892.7859497070312
5121.04541015625 2376.335693359375 949.2319946289062
5397.5947265625 2513.93115234375 1002.7413940429688
6238.6171875 2911.561279296875 1144.2794189453125
6502.20751953125 3040.89599609375 1189.1707763671875
6791.99462890625 3188.84130859375 1240.97314453125
7057.4541015625 3323.582763671875 1287.923828125
7348.3486328125 3470.413330078125 1334.816162109375
7626.3515625 3611.851318359375 1380.7451171875
7926.04052734375 3767.16845703125 1431.0001220703125
8190.95458984375 3905.115234375 1478.36376953125
8503.9111328125 4065.747802734375 1527.240234375
8765.5546875 4200.9736328125 1573.0797119140625
9053.3369140625 4250.11083984375 1608.002197265625
9274.0166015625 4357.544921875 1650.656494140625
9436.056640625 4437.37744140625 1693.8426513671875
9615.326171875 4526.9111328125 1742.8819580078125
9813.646484375 4624.24365234375 1793.5789794921875
10022.0859375 4725.69677734375 1844.3944091796875
10214.7978515625 4813.63037109375 1885.62646484375
10427.4951171875 4916.9052734375 1931.75927734375
10671.84765625 5043.005859375 1983.435791015625
10949.517578125 5199.97021484375 2047.200439453125
10801.546875 5037.41015625 1967.7489013671875
11077.763671875 5196.072265625 2026.426025390625
11364.150390625 5362.7080078125 2086.714599609375
11607.3203125 5494.4111328125 2126.062255859375
11855.6357421875 5637.7021484375 2179.267822265625
12006.2216796875 5711.2158203125 2199.94287109375
12214.6826171875 5831.1630859375 2248.72265625
12297.9208984375 5849.0302734375 2228.23974609375
12497.9208984375 5955.3095703125 2265.569580078125
12659.7109375 6034.4833984375 2291.218505859375
12302.1611328125 5759.16357421875 2177.1953125
12384.05859375 5789.45849609375 2178.556884765625
12401.62109375 5802.39990234375 2174.550537109375
12354.1533203125 5764.85888671875 2144.177001953125
12441.15234375 5836.296875 2171.8818359375
12253.490234375 5738.5341796875 2131.39697265625
12034.7041015625 5633.96923828125 2102.2607421875
11644.255859375 5405.1123046875 2023.3419189453125
11398.044921875 5212.58203125 1947.1343994140625
11347.6669921875 5066.576171875 1872.6461181640625
10810.0205078125 4625.15087890625 1697.2015380859375
11042.6181640625 4653.77978515625 1703.09716796875
11110.8603515625 4663.22021484375 1704.777587890625
11038.6748046875 4658.58203125 1704.751220703125
10913.603515625 4655.8896484375 1707.2166748046875
10806.5458984375 4660.6416015625 1713.2943115234375
10740.9423828125 4680.41845703125 1726.4451904296875
10696.5498046875 4696.43310546875 1739.3504638671875
10685.4541015625 4721.57958984375 1757.62841796875
10685.587890625 4736.25634765625 1766.936767578125
10145.7568359375 4424.59130859375 1608.0025634765625
10164.271484375 4428.03662109375 1601.87548828125
10188.0078125 4436.01708984375 1598.3521728515625
10204.5537109375 4442.875 1593.8114013671875
10216.58203125 4455.580078125 1591.6275634765625
361.5529479980469 350.04522705078125 307.2066955566406
10274.4921875 4529.55322265625 1601.9962158203125
10352.779296875 4607.19970703125 1619.6768798828125
10465.5048828125 4707.83251953125 1647.5040283203125
10577.9501953125 4804.623046875 1677.8431396484375
10251.80078125 4680.255859375 1637.5465087890625
10308.6455078125 4737.6103515625 1667.922119140625
10311.6123046875 4766.2890625 1692.476806640625
10257.314453125 4765.50048828125 1709.33984375
10163.1689453125 4744.021484375 1719.7913818359375
10039.2216796875 4707.31005859375 1723.6669921875
9892.30078125 4658.7294921875 1719.7706298828125
9731.59765625 4603.30908203125 1709.1143798828125
9564.99609375 4540.43359375 1691.2943115234375
9403.5546875 4474.74462890625 1670.39990234375
8983.45703125 4236.5576171875 1556.04150390625
8857.7314453125 4167.73779296875 1533.772216796875
8733.8828125 4097.80615234375 1511.66748046875
8609.3740234375 4027.203125 1487.3734130859375
8483.4013671875 3963.35400390625 1468.9578857421875
8335.8115234375 3898.352783203125 1451.6505126953125
8185.1826171875 3835.469482421875 1435.522216796875
7997.10595703125 3764.6083984375 1416.0472412109375
7817.41064453125 3699.78564453125 1398.0946044921875
7640.85791015625 3639.233642578125 1379.1966552734375
7325.7705078125 3513.81201171875 1307.9510498046875
7168.3154296875 3440.240478515625 1269.2032470703125
7050.71240234375 3391.018310546875 1252.5008544921875
6953.41845703125 3350.96630859375 1240.081298828125
6857.02392578125 3301.0517578125 1212.78662109375
6784.5166015625 3264.789306640625 1195.870849609375
6711.5390625 3223.40283203125 1172.76806640625
6649.42529296875 3189.65869140625 1157.78955078125
6583.138671875 3152.174072265625 1141.045166015625
6505.1845703125 3110.723876953125 1123.3448486328125
6205.705078125 2943.143310546875 1052.1180419921875
6110.5029296875 2900.272705078125 1038.7625732421875
5995.43505859375 2845.85400390625 1020.0011596679688
5844.58935546875 2771.901123046875 990.291015625
5696.5849609375 2706.77294921875 972.7757568359375
5537.38330078125 2632.12646484375 949.1874389648438
5358.30908203125 2545.570556640625 916.402587890625
5188.513671875 2467.40576171875 893.1082763671875
5000.54345703125 2377.27490234375 860.5614013671875
4817.9296875 2292.279052734375 834.5192260742188
4248.275390625 2012.4666748046875 727.2035522460938
4045.935791015625 1906.5404052734375 687.7532348632812
3852.201904296875 1808.8809814453125 657.7566528320312
3650.857421875 1709.6739501953125 628.41552734375
3444.388427734375 1612.1160888671875 604.0104370117188
3233.45751953125 1510.4920654296875 575.0364990234375
3027.959716796875 1414.3858642578125 548.7943725585938
2808.9287109375 1302.318115234375 503.96685791015625
2606.844970703125 1210.81884765625 478.62890625
2423.496826171875 1127.7412109375 455.8157653808594
1898.527099609375 884.3509521484375 374.8265380859375
1752.9302978515625 814.7489013671875 348.892578125
1624.7740478515625 756.5317993164062 329.89520263671875
1509.4925537109375 703.0640258789062 311.6478271484375
1405.2041015625 654.2383422851562 293.7806701660156
1315.413330078125 612.8446044921875 279.1700439453125
1233.8526611328125 575.3018188476562 265.5574951171875
1160.641357421875 541.6063232421875 252.8973388671875
1094.5703125 511.2740478515625 241.13131713867188
1033.2490234375 482.3230285644531 228.7628631591797
827.1732788085938 394.07073974609375 196.63607788085938
786.4505004882812 375.49755859375 188.63558959960938
749.7310180664062 358.5856018066406 181.12838745117188
714.68798828125 342.31536865234375 173.65940856933594
680.2206420898438 325.8166198730469 165.62750244140625
648.8228759765625 310.9185791015625 158.36546325683594
618.4192504882812 296.3034362792969 151.1248321533203
590.6649780273438 282.920166015625 144.3696746826172
566.91943359375 271.23675537109375 138.23130798339844
547.1849975585938 261.3839416503906 132.78585815429688
450.6602783203125 220.75132751464844 116.71984100341797
441.8307189941406 216.00863647460938 113.52620697021484
436.2675476074219 213.10765075683594 111.3670883178711
432.7457580566406 211.2075653076172 109.62226104736328
428.5526123046875 208.94601440429688 107.60514068603516
426.9464416503906 208.24810791015625 106.4302978515625
424.032958984375 206.76751708984375 104.70819854736328
419.4918212890625 204.59518432617188 102.72669982910156
414.0408020019531 201.98268127441406 100.5726547241211
407.8872375488281 199.04763793945312 98.3680648803711
343.40802001953125 171.47750854492188 88.07046508789062
338.5651550292969 169.504150390625 86.94984436035156
332.45953369140625 166.86810302734375 85.65997314453125
324.8696594238281 163.21897888183594 83.88953399658203
316.53631591796875 158.87156677246094 81.62309265136719
309.892333984375 155.47479248046875 79.7080078125
304.7192687988281 152.9362335205078 78.13399505615234
299.5819396972656 150.40574645996094 76.4738998413086
292.7311096191406 147.00917053222656 74.38432312011719
283.1072998046875 142.18606567382812 71.44844055175781
232.15567016601562 119.20763397216797 62.56105422973633
219.92918395996094 113.28646087646484 59.84505081176758
207.4947509765625 107.02584838867188 57.36032485961914
196.88412475585938 101.15104675292969 54.732181549072266
187.64727783203125 95.84262084960938 52.19484329223633
179.86941528320312 91.41087341308594 49.9608154296875
173.0641326904297 87.61075592041016 47.92374038696289
166.8456268310547 84.21160888671875 46.05725860595703
161.27328491210938 81.33548736572266 44.545108795166016
155.38470458984375 78.15658569335938 42.8702507019043
130.17489624023438 66.84986114501953 38.63018035888672
125.51775360107422 64.28550720214844 37.28434753417969
120.81324005126953 61.63562774658203 35.99754333496094
116.00039672851562 58.83967208862305 34.64004135131836
111.23216247558594 56.029754638671875 33.26222229003906
106.68143463134766 53.4211311340332 31.960725784301758
102.19650268554688 50.932044982910156 30.682273864746094
97.83131408691406 48.605472564697266 29.43802833557129
93.67414093017578 46.58578109741211 28.332998275756836
89.25404357910156 44.30720138549805 26.947887420654297
75.41228485107422 38.65740966796875 24.27156639099121
71.90855407714844 36.8675537109375 23.123777389526367
68.71466827392578 35.28230285644531 22.126440048217773
65.79875946044922 33.882755279541016 21.281713485717773
63.14569854736328 32.63233947753906 20.52699089050293
60.636077880859375 31.41907501220703 19.774126052856445
58.26860427856445 30.261377334594727 19.046932220458984
56.09502029418945 29.244464874267578 18.432085037231445
53.58050537109375 28.019283294677734 17.66956901550293
50.85753631591797 26.69878387451172 16.8688907623291
44.23326873779297 24.052135467529297 15.608237266540527
42.72724533081055 23.286731719970703 15.12740707397461
40.90385055541992 22.269132614135742 14.427838325500488
39.46025466918945 21.540788650512695 13.981589317321777
38.272518157958984 20.98703384399414 13.676651000976562
36.94127655029297 20.33052635192871 13.288341522216797
35.487667083740234 19.600847244262695 12.844694137573242
33.956748962402344 18.875547409057617 12.435423851013184
32.47280502319336 18.165325164794922 12.023073196411133
31.023164749145508 17.45006561279297 11.588898658752441
27.18158531188965 15.85461139678955 10.799755096435547
26.038284301757812 15.285285949707031 10.453963279724121
24.917234420776367 14.710480690002441 10.09492015838623
23.891613006591797 14.205795288085938 9.80030345916748
22.962003707885742 13.769861221313477 9.56126594543457
22.000469207763672 13.282186508178711 9.264969825744629
21.121376037597656 12.85710334777832 9.025949478149414
20.282716751098633 12.451532363891602 8.79813003540039
19.4686279296875 12.049263954162598 8.565957069396973
18.70816993713379 11.678751945495605 8.355494499206543
16.67078971862793 10.752155303955078 7.862192153930664
15.982549667358398 10.383694648742676 7.6317219734191895
15.318014144897461 10.022418022155762 7.400266647338867
14.66465950012207 9.654436111450195 7.15465784072876
14.004339218139648 9.260947227478027 6.875824451446533
13.437292098999023 8.938344955444336 6.656737804412842
12.928289413452148 8.654736518859863 6.468145847320557
12.432785034179688 8.366362571716309 6.266444206237793
11.99183177947998 8.11999797821045 6.102627754211426
11.582354545593262 7.897489547729492 5.9638495445251465
10.538881301879883 7.376223087310791 5.67246675491333
10.195510864257812 7.185674667358398 5.556896686553955
9.844075202941895 6.983114719390869 5.4305195808410645
9.45592212677002 6.737332820892334 5.259383201599121
9.051074981689453 6.468935966491699 5.063839435577393
8.724491119384766 6.270881175994873 4.935092926025391
8.415298461914062 6.0841851234436035 4.814665794372559
8.108354568481445 5.894277572631836 4.68794059753418
7.810218334197998 5.707111358642578 4.5602264404296875
7.514171600341797 5.515207290649414 4.423835277557373
6.889132022857666 5.154978275299072 4.193019866943359
6.645794868469238 4.992636203765869 4.074944019317627
6.438382625579834 4.857349395751953 3.9791762828826904
6.235209941864014 4.719392776489258 3.877072811126709
6.0585551261901855 4.601316452026367 3.7908847332000732
5.911945819854736 4.50949239730835 3.7284529209136963
5.791408538818359 4.441976547241211 3.689243793487549
5.689939975738525 4.392256736755371 3.666860580444336
5.624907970428467 4.377281665802002 3.6780805587768555
5.5832905769348145 4.384991645812988 3.711716413497925
5.385274887084961 4.328115940093994 3.726123332977295
5.375664710998535 4.3622283935546875 3.7843077182769775
5.288483619689941 4.31749963760376 3.763496160507202
5.108558177947998 4.177492141723633 3.646188497543335
4.882905960083008 3.989640474319458 3.4799840450286865
4.61202335357666 3.7546231746673584 3.2655279636383057
4.399688720703125 3.577064275741577 3.108050584793091
4.194200038909912 3.4043192863464355 2.9542484283447266
3.9801700115203857 3.2202517986297607 2.787396192550659
3.802982807159424 3.0713753700256348 2.6548006534576416
3.514172315597534 2.858600616455078 2.482626438140869
3.3689887523651123 2.7372963428497314 2.3753626346588135
3.2388336658477783 2.629892349243164 2.281409740447998
3.12072491645813 2.533691167831421 2.1982803344726562
3.0001697540283203 2.4344024658203125 2.111783981323242
2.8933210372924805 2.34725284576416 2.036547899246216
2.797774076461792 2.2707793712615967 1.9717931747436523
2.7038424015045166 2.1943697929382324 1.9062528610229492
2.622600793838501 2.128795862197876 1.8503731489181519
2.5608468055725098 2.0803298950195312 1.8100908994674683
2.4248406887054443 1.9839054346084595 1.7350749969482422
2.3795316219329834 1.9468127489089966 1.7029931545257568
2.3367621898651123 1.9108041524887085 1.6710621118545532
2.29710054397583 1.8762845993041992 1.6395505666732788
2.2516703605651855 1.835791826248169 1.6019407510757446
2.2088751792907715 1.79737389087677 1.5660752058029175
2.1669881343841553 1.7588715553283691 1.5294526815414429
2.1253421306610107 1.7199548482894897 1.4919837713241577
2.0851476192474365 1.6817809343338013 1.454723834991455
2.0453832149505615 1.644290566444397 1.4183095693588257
1.9482827186584473 1.5712764263153076 1.3576672077178955
1.9091122150421143 1.5339303016662598 1.3211125135421753
1.8746192455291748 1.5011595487594604 1.289038896560669
1.8475971221923828 1.4759215116500854 1.2644929885864258
1.8097072839736938 1.4414321184158325 1.2318156957626343
1.7897977828979492 1.4229493141174316 1.2137131690979004
1.771734356880188 1.4063576459884644 1.1974399089813232
1.75946044921875 1.395792007446289 1.1872910261154175
1.7454100847244263 1.3835785388946533 1.1755303144454956
1.7280049324035645 1.3681260347366333 1.160536766052246
1.6636996269226074 1.3245608806610107 1.1276651620864868
1.6481658220291138 1.3112229108810425 1.1149203777313232
1.6287251710891724 1.294063925743103 1.0983870029449463
1.6080561876296997 1.2757437229156494 1.0807026624679565
1.5888885259628296 1.2591240406036377 1.064831018447876
1.5711214542388916 1.2441298961639404 1.0507162809371948
1.5512579679489136 1.227163314819336 1.0346801280975342
1.530340552330017 1.2093334197998047 1.017899990081787
1.5057011842727661 1.1880533695220947 0.9978452324867249
1.4829537868499756 1.1688910722732544 0.9800580739974976
1.4135751724243164 1.1183048486709595 0.9399011731147766
1.389491319656372 1.0981255769729614 0.9214158654212952
1.367421269416809 1.080042839050293 0.9051110744476318
1.3418457508087158 1.058547854423523 0.8854859471321106
1.3169291019439697 1.0379220247268677 0.8669070601463318
1.291764259338379 1.0172373056411743 0.8484320640563965
1.2586076259613037 0.9886839985847473 0.8222191333770752
1.2299351692199707 0.9647292494773865 0.8007070422172546
1.1996129751205444 0.9392364025115967 0.7777882814407349
1.1725260019302368 0.9170385003089905 0.758266270160675
1.1113231182098389 0.871164083480835 0.7217531204223633
1.0841891765594482 0.8484722971916199 0.7015970349311829
1.0601520538330078 0.8288342952728271 0.684512197971344
1.037347674369812 0.8101962208747864 0.668328046798706
1.0088979005813599 0.7856791615486145 0.6461340188980103
0.987292468547821 0.7678741216659546 0.6306201219558716
0.9647024273872375 0.7491331696510315 0.6142151951789856
0.9431119561195374 0.7314112782478333 0.5988841652870178
0.9182339310646057 0.7104143500328064 0.5803182125091553
0.8970999121665955 0.693265438079834 0.5656933188438416
0.8551071286201477 0.6624165177345276 0.5420353412628174
0.8344838619232178 0.6456253528594971 0.5277280807495117
0.8157429099082947 0.630726158618927 0.5153420567512512
0.7966240048408508 0.6153842806816101 0.5025081038475037
0.7792266607284546 0.601662278175354 0.49124014377593994
0.7588507533073425 0.5848091244697571 0.47679412364959717
0.7429267168045044 0.5722361207008362 0.4665611684322357
0.724250853061676 0.5567533373832703 0.45336705446243286
0.7069534659385681 0.5424671769142151 0.44130513072013855
0.6919817328453064 0.5303112864494324 0.43128103017807007
0.6602765321731567 0.5057981610298157 0.4116250276565552
0.6457808017730713 0.49387621879577637 0.40166807174682617
0.6322585344314575 0.48290303349494934 0.39263099431991577
0.6197163462638855 0.4730301797389984 0.38468605279922485
0.6068260669708252 0.4628399908542633 0.37636494636535645
0.594891369342804 0.45359712839126587 0.3689800202846527
0.5819934606552124 0.44307515025138855 0.3602440357208252
0.5663958787918091 0.42894789576530457 0.3478209972381592
0.5542739629745483 0.4173490107059479 0.3377660810947418
0.541844367980957 0.4036429822444916 0.3254220187664032
0.5220422148704529 0.38501307368278503 0.3097440004348755
0.5148432850837708 0.37519901990890503 0.301175981760025
0.5083271265029907 0.36768588423728943 0.29474690556526184
0.5034312605857849 0.36232203245162964 0.29027101397514343
0.49773624539375305 0.35610800981521606 0.2847910225391388
0.4937112629413605 0.35222792625427246 0.2814599573612213
0.4897592067718506 0.34911593794822693 0.2787949740886688
0.48669397830963135 0.34670594334602356 0.2767390012741089
0.48497405648231506 0.34548884630203247 0.27578791975975037
0.4831461012363434 0.34401389956474304 0.2745199501514435
0.47438114881515503 0.33814993500709534 0.269974946975708
0.4735572338104248 0.33748891949653625 0.2694009244441986
0.4737512767314911 0.33780401945114136 0.26977699995040894
0.47254717350006104 0.3367389142513275 0.2687338888645172
0.47147223353385925 0.33593592047691345 0.26794591546058655
0.47038722038269043 0.3352469205856323 0.26727092266082764
0.4684601426124573 0.333905965089798 0.2659659683704376
0.46637916564941406 0.33277398347854614 0.26488298177719116
0.46426430344581604 0.3315999507904053 0.2637489438056946
0.4616672098636627 0.32977399230003357 0.26194295287132263
0.45107710361480713 0.3220559358596802 0.255296915769577
0.4483911395072937 0.3198879063129425 0.25314196944236755
0.4455891251564026 0.31751498579978943 0.2507709562778473
0.4425440728664398 0.314861923456192 0.24811898171901703
0.43865615129470825 0.3113609850406647 0.2446119487285614
0.4332670569419861 0.3064279556274414 0.2396809607744217
0.43027403950691223 0.30389395356178284 0.2371489703655243
0.42581817507743835 0.2998090386390686 0.23306497931480408
0.42393389344215393 0.29823601245880127 0.23148001730442047
0.4197939336299896 0.29433494806289673 0.22755099833011627
0.4075808525085449 0.2841729521751404 0.21830597519874573
0.40296903252601624 0.2798379361629486 0.2139570116996765
0.39832502603530884 0.2754589915275574 0.20956598222255707
0.39472290873527527 0.2721540033817291 0.2062539905309677
0.39345988631248474 0.2712019681930542 0.20529597997665405
0.3910810649394989 0.2691029906272888 0.2031949907541275
0.38446691632270813 0.26280397176742554 0.19690299034118652
0.3784990906715393 0.2571769952774048 0.19128794968128204
0.37288108468055725 0.25196999311447144 0.1861099898815155
0.3692549765110016 0.24885398149490356 0.1830510050058365
0.3611160218715668 0.242762953042984 0.17788298428058624
0.3563479483127594 0.23868997395038605 0.17392399907112122
0.3547220230102539 0.23759399354457855 0.17291802167892456
0.34859591722488403 0.23186998069286346 0.16725997626781464
0.33996105194091797 0.22353994846343994 0.15898099541664124
0.3340950608253479 0.2178349792957306 0.15328702330589294
0.3313112258911133 0.2151259481906891 0.15056198835372925
0.32913899421691895 0.21300096809864044 0.14841599762439728
0.3274470567703247 0.21133100986480713 0.14671801030635834
0.3255230188369751 0.20942102372646332 0.14477501809597015
0.3164409101009369 0.2016100287437439 0.13773299753665924
0.3111749589443207 0.19635796546936035 0.1324550062417984
0.3062559962272644 0.19148698449134827 0.12757399678230286
0.30283600091934204 0.18813000619411469 0.12421298772096634
0.30027586221694946 0.18566294014453888 0.121753990650177
0.2981009781360626 0.18358296155929565 0.11969199776649475
0.29637598991394043 0.18195800483226776 0.11809100210666656
0.29392296075820923 0.17960800230503082 0.11576800048351288
0.29076001048088074 0.17653398215770721 0.11273298412561417
0.28728899359703064 0.1731339544057846 0.10937897861003876
0.2806529402732849 0.16753393411636353 0.10452402383089066
0.2754219174385071 0.16234897077083588 0.0993960052728653
0.2720790505409241 0.15905295312404633 0.09615600854158401
0.27028387784957886 0.15730297565460205 0.09446801245212555
0.2678949534893036 0.15497101843357086 0.09219902753829956
0.2649829089641571 0.15211701393127441 0.08941000699996948
0.2608538866043091 0.14805398881435394 0.0854170098900795
0.2555539906024933 0.1428310126066208 0.08027200400829315
0.2529519498348236 0.14031699299812317 0.07784198969602585
0.25101396441459656 0.138482004404068 0.07609599828720093
0.2464248538017273 0.13480401039123535 0.07309501618146896
0.24429887533187866 0.13279902935028076 0.07120000571012497
0.2420259267091751 0.13065502047538757 0.06916699558496475
0.23862887918949127 0.12740498781204224 0.06603200733661652
0.23542992770671844 0.1243409737944603 0.06308599561452866
0.23313885927200317 0.12218897044658661 0.061052996665239334
0.2312389612197876 0.12043000012636185 0.05942699313163757
0.22951684892177582 0.11886298656463623 0.05800101161003113
0.22795790433883667 0.11744600534439087 0.0567299947142601
0.2251768559217453 0.11480797082185745 0.05423900857567787
0.22105175256729126 0.11142798513174057 0.051437992602586746
0.2187788486480713 0.10929299145936966 0.04944299906492233
0.21733789145946503 0.10800100117921829 0.048287004232406616
0.21604087948799133 0.10685200244188309 0.04726499691605568
0.21488890051841736 0.10584098100662231 0.04636799916625023
0.21409888565540314 0.10517600178718567 0.04580000042915344
0.2134668529033661 0.10468698292970657 0.045405998826026917
0.21287484467029572 0.10423799604177475 0.04505499452352524
0.21212080121040344 0.10366199910640717 0.044592998921871185
0.21132683753967285 0.10306698083877563 0.044120993465185165
0.20922085642814636 0.1015930026769638 0.04307999089360237
0.20794591307640076 0.10056997835636139 0.042204998433589935
0.20637287199497223 0.0992949828505516 0.04109899699687958
0.2046819031238556 0.09792196750640869 0.039910994470119476
0.20288482308387756 0.09646198153495789 0.0386510007083416
0.20109790563583374 0.09502696245908737 0.03742000088095665
0.1993759125471115 0.09366297721862793 0.036274999380111694
0.1976548731327057 0.09228696674108505 0.03512199968099594
0.19597996771335602 0.09095596522092819 0.03401500731706619
0.1942528784275055 0.0895719826221466 0.0328500010073185
0.1920359879732132 0.08793697506189346 0.031619004905223846
0.19045688211917877 0.08668500930070877 0.030581003054976463
0.18896788358688354 0.08552999049425125 0.02964000031352043
0.18754689395427704 0.08443097770214081 0.028752002865076065
0.18610188364982605 0.0833059772849083 0.027835000306367874
0.18480995297431946 0.08234097808599472 0.027077000588178635
0.18317988514900208 0.0810299962759018 0.02633100375533104
0.18196289241313934 0.08014098554849625 0.025638999417424202
0.18073499202728271 0.07922298461198807 0.024911999702453613
0.17946593463420868 0.07826200127601624 0.024292996153235435
0.17752592265605927 0.07676200568675995 0.023594999685883522
0.17616194486618042 0.07569199800491333 0.02285199798643589
0.1748039424419403 0.07461900264024734 0.022171005606651306
0.17357298731803894 0.07365299761295319 0.021533003076910973
0.1723199486732483 0.07266097515821457 0.020941002294421196
0.17096593976020813 0.071554996073246 0.020374001935124397
0.16966596245765686 0.07049799710512161 0.019755002111196518
0.16862094402313232 0.06967701017856598 0.019200999289751053
0.1672099530696869 0.06847099214792252 0.01873299852013588
0.16631290316581726 0.06776800751686096 0.018271997570991516
0.1652059257030487 0.06690698862075806 0.017643000930547714
0.1643688976764679 0.06623698770999908 0.017150001600384712
0.16256491839885712 0.0645899772644043 0.01665700227022171
0.1614408940076828 0.06360998749732971 0.01611900143325329
0.16053296625614166 0.0628419741988182 0.015641000121831894
0.15930292010307312 0.06174996867775917 0.015232999809086323
0.1586059033870697 0.061174970120191574 0.014806000515818596
0.15772594511508942 0.06042599678039551 0.014405999332666397
0.15698494017124176 0.059801988303661346 0.014083999209105968
0.15615791082382202 0.059100985527038574 0.01376699935644865
0.15522293746471405 0.05829399824142456 0.013370999135077
0.15421292185783386 0.05740999057888985 0.012993999756872654
0.15317092835903168 0.05648299679160118 0.012640997767448425
0.15210284292697906 0.05553200840950012 0.012311998754739761
0.15139895677566528 0.05494299530982971 0.01196999941021204
0.1503959447145462 0.05405999347567558 0.011606999672949314
0.14972393214702606 0.05349100008606911 0.011292999610304832
0.1486649364233017 0.05252498760819435 0.010994997806847095
0.14786593616008759 0.05181299149990082 0.01072599831968546
0.14720994234085083 0.05123599246144295 0.010459997691214085
0.14665290713310242 0.0507580004632473 0.010227998718619347
0.14583593606948853 0.05001300945878029 0.009987999685108662
0.14489597082138062 0.04914800822734833 0.009702998213469982
0.1443469524383545 0.048663996160030365 0.00949000008404255
0.1436949521303177 0.0480710007250309 0.009271997958421707
0.1432119756937027 0.04765399917960167 0.009103999473154545
0.14277896285057068 0.04729099199175835 0.008922000415623188
0.1417049914598465 0.046289991587400436 0.00869899895042181
0.14104293286800385 0.045708995312452316 0.008437000215053558
0.14053086936473846 0.045281995087862015 0.008189000189304352
0.1398208886384964 0.04466799274086952 0.007952998392283916
0.1389969289302826 0.043953001499176025 0.007732999511063099
0.13808594644069672 0.04315800219774246 0.007505998481065035
0.1371949315071106 0.042388007044792175 0.007258999161422253
0.13586494326591492 0.041199009865522385 0.006982997991144657
0.13491295278072357 0.04038900136947632 0.0067059993743896484
0.13416197896003723 0.03979099914431572 0.006455000024288893
0.1334119439125061 0.0392020009458065 0.006234999746084213
0.13270597159862518 0.038662005215883255 0.005988999269902706
0.13210000097751617 0.03821699693799019 0.005778999533504248
0.13124895095825195 0.03753400221467018 0.005536000709980726
0.1303139179944992 0.03676300123333931 0.005268999841064215
0.1290869563817978 0.03569599613547325 0.005048999562859535
0.12837091088294983 0.035137008875608444 0.004861999303102493
0.12760992348194122 0.03452901169657707 0.004687000066041946
0.12689995765686035 0.0339680053293705 0.004493999760597944
0.12620997428894043 0.03342500329017639 0.004320998676121235
0.12551794946193695 0.032877009361982346 0.004191999323666096
0.12497000396251678 0.03246200084686279 0.004064999520778656
0.12443896383047104 0.03207700699567795 0.0039470000192523
0.12374596297740936 0.03152499347925186 0.003819000208750367
0.12298297137022018 0.030913004651665688 0.0036810003221035004
0.12227392196655273 0.030354999005794525 0.0035660001449286938
0.12154095619916916 0.029780002310872078 0.0034660000819712877
0.12089695781469345 0.029300004243850708 0.003358999965712428
0.12019297480583191 0.02879299968481064 0.0032370006665587425
0.11959395557641983 0.028393005952239037 0.0031310003250837326
0.11892496794462204 0.027910998091101646 0.0030130003578960896
0.11835198104381561 0.027549002319574356 0.002887000096961856
0.11771896481513977 0.027126997709274292 0.00279300007969141
0.11701596528291702 0.02665100060403347 0.0026740001048892736
0.11619000136852264 0.026193002238869667 0.002563000191003084
0.11537396907806396 0.025637997314333916 0.0024510000366717577
0.11454499512910843 0.025056006386876106 0.0023399998899549246
0.11385396867990494 0.024587003514170647 0.002222000155597925
0.11319493502378464 0.024142002686858177 0.002127000130712986
0.11256694793701172 0.023754002526402473 0.0020240000449121
0.11190296709537506 0.023399004712700844 0.0019439999014139175
0.11129296571016312 0.02300700545310974 0.0018539999146014452
0.11083095520734787 0.02273700200021267 0.0017980000702664256
0.11017594486474991 0.022475004196166992 0.0017410002183169127
0.10957696288824081 0.022105004638433456 0.0016800001030787826
0.10909096151590347 0.021877005696296692 0.0016339999856427312
0.10856898128986359 0.02161300554871559 0.0015770001336932182
0.10798895359039307 0.021282002329826355 0.0015269999857991934
0.10741797834634781 0.020921999588608742 0.0014840001240372658
0.10692594200372696 0.020608000457286835 0.0014390001306310296
0.10648997873067856 0.020326003432273865 0.0014059999957680702
0.10581798851490021 0.020052002742886543 0.0013749999925494194
0.10532192885875702 0.01979200355708599 0.0013419999741017818
0.10459695756435394 0.0194650050252676 0.0013039999175816774
0.10412994772195816 0.019260002300143242 0.0012529999949038029
0.10361596196889877 0.018997004255652428 0.001218999968841672
0.10327397286891937 0.01885000243782997 0.001178000122308731
0.10276397317647934 0.018574001267552376 0.001151000033132732
0.10218695551156998 0.018358999863266945 0.0011080001713708043
0.10168292373418808 0.018182002007961273 0.0010870001278817654
0.10089794546365738 0.017944002524018288 0.001049000071361661
0.10028694570064545 0.017712004482746124 0.00101500004529953
0.09949194639921188 0.017362000420689583 0.0009879999561235309
0.09857995063066483 0.016999000683426857 0.0009560000617057085
0.0974489375948906 0.01661200448870659 0.0009189998963847756
0.09679192304611206 0.016349002718925476 0.0008849999867379665
0.0962529256939888 0.016063004732131958 0.0008600000292062759
0.09562093764543533 0.015728002414107323 0.0008239999879151583
0.09502295404672623 0.015527001582086086 0.0007959999493323267
0.09444096684455872 0.0152930011972785 0.0007599999662488699
0.09386396408081055 0.015058000572025776 0.0007359999581240118
0.09348996728658676 0.01493499893695116 0.0007200000109151006
0.09298095852136612 0.014782998710870743 0.0007050000131130219
0.0923849567770958 0.014640000648796558 0.0006820000126026571
0.0917399525642395 0.014549000188708305 0.0006779999821446836
0.09134594351053238 0.014447000809013844 0.0006609999691136181
0.09091194719076157 0.014227000065147877 0.0006550000398419797
0.09052097052335739 0.014116001315414906 0.0006560000474564731
0.0900779440999031 0.013888999819755554 0.0006469999789260328
0.0895649716258049 0.013633999973535538 0.0006430000648833811
0.08917996287345886 0.013489000499248505 0.0006370000191964209
0.0887109637260437 0.01334999781101942 0.000627000059466809
0.08806195855140686 0.012993000447750092 0.0006160000921227038
0.08757196366786957 0.012813002802431583 0.0006160000339150429
0.08687596768140793 0.012606003321707249 0.0006070000235922635
0.08640594780445099 0.012433000840246677 0.0006000000284984708
0.0859159454703331 0.012225001119077206 0.0005860000383108854
0.08548694103956223 0.01208999939262867 0.0005800000508315861
0.0851399153470993 0.012004001066088676 0.0005760000203736126
0.08469192683696747 0.011823000386357307 0.0005740000633522868
0.08434393256902695 0.011718002147972584 0.0005720000481233001
0.08393891900777817 0.011609002016484737 0.0005740000633522868
0.08365095406770706 0.01154900062829256 0.0005620000301860273
0.08318094164133072 0.01142099965363741 0.0005620000301860273
0.08276192843914032 0.0112780025228858 0.0005620000301860273
0.0820859745144844 0.011185000650584698 0.0005409999866969883
0.08153495192527771 0.010928998701274395 0.0005370000144466758
0.08101894706487656 0.010765999555587769 0.0005360000068321824
0.0805729478597641 0.01058800145983696 0.0005259999888949096
0.07971394807100296 0.010147001594305038 0.0005210000090301037
0.07926693558692932 0.010015998035669327 0.0005069999606348574
0.07834693789482117 0.009529996663331985 0.00048600000445730984
0.07788292318582535 0.009363998658955097 0.0004770000232383609
0.07722794264554977 0.009177997708320618 0.00046200002543628216
0.07674995809793472 0.009107997640967369 0.00044200001866556704
0.07627593725919724 0.008952997624874115 0.00043399998685345054
0.07578793913125992 0.008788999170064926 0.00042299999040551484
0.07538793981075287 0.00874799769371748 0.0004140000091865659
0.0750129222869873 0.00870499573647976 0.0004039999912492931
0.0745089203119278 0.008548996411263943 0.0004039999912492931
0.07405992597341537 0.008450997062027454 0.0003929999948013574
0.07348194718360901 0.00838799774646759 0.0003920000162906945
0.0729309618473053 0.008232996799051762 0.00039300002390518785
0.07245893776416779 0.008153997361660004 0.0003900000301655382
0.07186895608901978 0.008009997196495533 0.00037500003236345947
0.07144994288682938 0.007926996797323227 0.0003740000247489661
0.0709269791841507 0.007725996896624565 0.000371000001905486
0.07048996537923813 0.007659995462745428 0.0003680000372696668
0.06986097991466522 0.007299996912479401 0.0003609999839682132
0.06947297602891922 0.007187996990978718 0.00035300003946758807
0.06885997951030731 0.0068039968609809875 0.00034400002914480865
0.0683099702000618 0.00661299517378211 0.0003340000403113663
0.06790097057819366 0.006424996070563793 0.00032400002237409353
0.06748096644878387 0.006235996726900339 0.0003179999766871333
0.06709695607423782 0.006135997828096151 0.00030899999546818435
0.06658896058797836 0.006004996597766876 0.000307999987853691
0.06620994955301285 0.005938997957855463 0.00030800001695752144
0.06578996032476425 0.005824997555464506 0.00030099996365606785
0.06552296876907349 0.005804997403174639 0.0002959999837912619
0.06509595364332199 0.005742997396737337 0.0002980000281240791
0.06485496461391449 0.005711996462196112 0.000291000003926456
0.06454796344041824 0.005647996906191111 0.0002859999949578196
0.06417694687843323 0.005611998029053211 0.00027600000612437725
0.06381996721029282 0.005580998491495848 0.0002699999895412475
0.06336696445941925 0.005489998497068882 0.00025499999173916876
0.06271396577358246 0.005344998557120562 0.00023499997041653842
0.06198597326874733 0.005214998964220285 0.0002279999607708305
0.06096397340297699 0.005022998433560133 0.00022199998784344643
0.05986996740102768 0.004725999664515257 0.00021699999342672527
0.0584079772233963 0.004378999583423138 0.00020900000527035445
0.05703895911574364 0.004237000364810228 0.00019299999985378236
0.05556496977806091 0.0038840007036924362 0.00016099998902063817
0.054319966584444046 0.0035760006867349148 0.00014699998428113759
0.0532359704375267 0.0032390004489570856 0.0001289999927394092
0.052305977791547775 0.003072999883443117 0.00011300000187475234
0.051592983305454254 0.0029900004155933857 0.00010100000508828089
0.051192983984947205 0.0029480005614459515 9.800000407267362e-05
0.05069698393344879 0.002913000760599971 9.200000204145908e-05
0.05025496706366539 0.002887000795453787 8.900000102585182e-05
0.04978097602725029 0.002863000612705946 9.000000136438757e-05
0.04946597293019295 0.0028170004952698946 8.900000102585182e-05
0.049093976616859436 0.0027720006182789803 8.70000003487803e-05
0.04872097074985504 0.0027280005160719156 8.399999933317304e-05
0.04844596982002258 0.0027050005737692118 8.600000001024455e-05
0.048293985426425934 0.0026750003453344107 8.800000068731606e-05
0.04811297357082367 0.002669000532478094 8.600000001024455e-05
0.04785996302962303 0.00265100016258657 8.800000068731606e-05
0.04759996011853218 0.0026530001778155565 9.100000170292333e-05
0.047460973262786865 0.0026550001930445433 9.300000237999484e-05
0.04718397557735443 0.0026410003192722797 9.500000305706635e-05
0.04685397073626518 0.0026450001168996096 9.600000339560211e-05
0.046573977917432785 0.0026140001136809587 9.800000407267362e-05
0.046428993344306946 0.002595999976620078 9.899999713525176e-05
0.046040985733270645 0.002581000328063965 0.00010099999781232327
0.045675985515117645 0.002561000408604741 0.00010199999815085903
0.045353978872299194 0.002541000721976161 0.00010399999882793054
0.04516497999429703 0.0024980006273835897 0.00010399999882793054
0.044882986694574356 0.0024500007275491953 0.00010399999882793054
0.04468299075961113 0.002404000610113144 0.0001049999991664663
0.044446978718042374 0.0023550004698336124 0.0001049999991664663
0.04428398236632347 0.0023040000814944506 0.0001049999991664663
0.04409997537732124 0.0022690000478178263 0.0001049999991664663
0.04393298178911209 0.0022330000065267086 0.00010399999882793054
0.04369397833943367 0.002177000278607011 0.00010399999882793054
0.04343496635556221 0.0021390002220869064 0.0001049999991664663
0.043108969926834106 0.002067000139504671 0.00010599999950500205
0.042879972606897354 0.0020110001787543297 0.00010599999950500205
0.04272996634244919 0.001994000282138586 0.00010699999984353781
0.042457982897758484 0.0019580002408474684 0.00010699999984353781
0.042203981429338455 0.001926000346429646 0.00010699999984353781
0.042007967829704285 0.0018880004063248634 0.00010800000018207356
0.041858971118927 0.0018680003704503179 0.00010599999950500205
0.041613977402448654 0.0018500004662200809 0.00010599999950500205
0.041241973638534546 0.0018140004249289632 0.00010399999882793054
0.04103397578001022 0.0017880001105368137 0.00010299999848939478
0.04088297113776207 0.001752000069245696 0.00010099999781232327
0.0407329760491848 0.0017330000409856439 9.899999713525176e-05
0.040567975491285324 0.0017190000507980585 9.700000373413786e-05
