8.64 9.2 9.7 10.2 10.7 11.0
0.007612999994307756 0.007612999994307756 0.007612999994307756 0.007612999994307756 0.007612999994307756 0.0
2.946086883544922 0.47310903668403625 0.008561999537050724 0.008561999537050724 0.008561999537050724 0.0
2.6641032695770264 0.6565520763397217 0.00982499960809946 0.00982499960809946 0.00982499960809946 0.0
2.5217835903167725 0.8675270080566406 0.011373000219464302 0.011373000219464302 0.011373000219464302 0.0
2.5910658836364746 1.058709979057312 0.013193000108003616 0.013193000108003616 0.013193000108003616 0.0
2.8244173526763916 1.16211998462677 0.01526500005275011 0.01526500005275011 0.01526500005275011 0.0
2.93951678276062 1.088897943496704 0.017562000080943108 0.017562000080943108 0.017562000080943108 0.0
2.441511392593384 0.8683030605316162 0.02019999921321869 0.02019999921321869 0.02019999921321869 0.0
1.773140788078308 0.6326030492782593 0.023269999772310257 0.023269999772310257 0.023269999772310257 0.0
1.6220636367797852 0.5328989624977112 0.026845000684261322 0.026845000684261322 0.026845000684261322 0.0
1.975235939025879 0.53472501039505 0.030876999720931053 0.030876999720931053 0.030876999720931053 0.0
1.7979156970977783 0.4449380338191986 0.03537299856543541 0.03537299856543541 0.03537299856543541 0.0
1.7909728288650513 0.36900201439857483 0.04017199948430061 0.04017199948430061 0.04017199948430061 0.0
1.7361838817596436 0.30491799116134644 0.045343998819589615 0.045343998819589615 0.045343998819589615 0.0
1.1075067520141602 0.2564689815044403 0.051047999411821365 0.051047999411821365 0.051047999411821365 0.0
0.912384033203125 0.21453797817230225 0.057461000978946686 0.057461000978946686 0.057461000978946686 0.0
0.9828869700431824 0.2115969955921173 0.06530299782752991 0.06530199944972992 0.06530199944972992 0.0
0.7742867469787598 0.1593569964170456 0.07622300088405609 0.0762220025062561 0.0762220025062561 0.0
0.717799186706543 0.1563349962234497 0.09321600198745728 0.09321500360965729 0.09321500360965729 0.0
0.7656471729278564 0.17835798859596252 0.11919999867677689 0.11919999867677689 0.11919999867677689 0.0
1.0030359029769897 0.2136319875717163 0.14622700214385986 0.14622700214385986 0.14622700214385986 0.0
2.281367540359497 0.23504598438739777 0.15677599608898163 0.15677599608898163 0.15677599608898163 0.0
2.0572426319122314 0.22791796922683716 0.1530669927597046 0.1530659943819046 0.1530659943819046 0.0
1.4736833572387695 0.21045799553394318 0.14933699369430542 0.14933599531650543 0.14933599531650543 0.0
1.1310282945632935 0.18777498602867126 0.14940199255943298 0.149399995803833 0.149399995803833 0.0
1.2826124429702759 0.19405199587345123 0.15105000138282776 0.15104399621486664 0.15104399621486664 0.0
1.6284359693527222 0.20650199055671692 0.15261200070381165 0.15259799361228943 0.15259799361228943 0.0
1.7065205574035645 0.20715299248695374 0.1543940007686615 0.15436899662017822 0.15436899662017822 0.0
1.9662224054336548 0.21692699193954468 0.15747800469398499 0.15743200480937958 0.15743200480937958 0.0
2.748782157897949 0.24156001210212708 0.1621289998292923 0.16205300390720367 0.16205300390720367 0.0
2.953968048095703 0.2517639994621277 0.16776199638843536 0.1676660031080246 0.1676660031080246 0.0
2.6868560314178467 0.2542559504508972 0.17367199063301086 0.173568993806839 0.173568993806839 0.0
2.6569159030914307 0.25741198658943176 0.17951600253582 0.17939800024032593 0.17939800024032593 0.0
2.6955034732818604 0.25609999895095825 0.1853400021791458 0.18519900739192963 0.18519900739192963 0.0
2.8410732746124268 0.26580899953842163 0.19175100326538086 0.19158999621868134 0.19158999621868134 0.0
3.0279147624969482 0.28708797693252563 0.19936899840831757 0.19918499886989594 0.19918499886989594 0.0
3.252990245819092 0.31299102306365967 0.20849600434303284 0.208296000957489 0.208296000957489 0.0
3.610846996307373 0.3600340187549591 0.21923001110553741 0.21901200711727142 0.21901200711727142 0.0
3.940635919570923 0.43589696288108826 0.23109200596809387 0.2308720052242279 0.2308720052242279 0.0
4.322293758392334 0.5156760215759277 0.24378499388694763 0.24357999861240387 0.24357999861240387 0.0
4.869471073150635 0.6168500781059265 0.2568010091781616 0.25660499930381775 0.25660499930381775 0.0
5.804629325866699 0.7528160214424133 0.2700529992580414 0.2697960138320923 0.2697950005531311 0.0
7.429087162017822 0.8510112166404724 0.283471018075943 0.2829810082912445 0.28297701478004456 0.0
8.98130989074707 1.0909881591796875 0.29736602306365967 0.2963300049304962 0.2963170111179352 0.0
10.097847938537598 1.3424030542373657 0.31197598576545715 0.30973199009895325 0.30969899892807007 0.0
11.324200630187988 1.5543639659881592 0.3273259997367859 0.32221299409866333 0.32213398814201355 0.0
11.085262298583984 1.5555565357208252 0.34182000160217285 0.3335629999637604 0.33340901136398315 0.0
11.526732444763184 1.6253172159194946 0.3536050021648407 0.343845009803772 0.343625009059906 0.0
13.656041145324707 1.9257794618606567 0.36514800786972046 0.3530769944190979 0.35269400477409363 0.0
15.026069641113281 2.1516315937042236 0.37376999855041504 0.3605380058288574 0.3599019944667816 0.0
15.57582950592041 2.2825024127960205 0.37744998931884766 0.3638089895248413 0.3629469871520996 0.0
15.42333698272705 2.2248480319976807 0.37199199199676514 0.35906699299812317 0.3581070005893707 0.0
27.939834594726562 13.941550254821777 0.3535510301589966 0.3435540199279785 0.3426330089569092 0.0
16.1130313873291 2.114236354827881 0.32807600498199463 0.3208169937133789 0.32012298703193665 0.0
16.349809646606445 2.136125087738037 0.3027860224246979 0.2970770001411438 0.2965810000896454 0.0
16.6546688079834 2.1498401165008545 0.28218701481819153 0.27713900804519653 0.2767980098724365 0.0
17.98385238647461 2.172445297241211 0.26773399114608765 0.2616089880466461 0.2613399922847748 0.0
21.95045280456543 2.3046653270721436 0.25903698801994324 0.24918600916862488 0.24894900619983673 0.0
21.760881423950195 2.3539540767669678 0.2544250190258026 0.23867900669574738 0.2385140061378479 0.0
24.36441421508789 2.4421749114990234 0.2564080059528351 0.22961200773715973 0.22944100201129913 0.0
26.990686416625977 2.4634130001068115 0.2669459879398346 0.22207099199295044 0.22178499400615692 0.0
27.1060791015625 2.4176576137542725 0.28803300857543945 0.21625900268554688 0.21551500260829926 0.0
27.05767250061035 2.2374496459960938 0.3250799775123596 0.21254999935626984 0.2109140008687973 0.0
29.610200881958008 2.339775800704956 0.38479697704315186 0.21087399125099182 0.20824399590492249 0.0
34.225189208984375 3.25451922416687 0.48115304112434387 0.21242599189281464 0.20703299343585968 0.0
54.83796310424805 14.300435066223145 0.6671091318130493 0.2277970016002655 0.20676299929618835 0.0
67.72077178955078 9.010092735290527 0.9999672174453735 0.279217004776001 0.20758700370788574 0.0
44.52030563354492 3.890991449356079 1.4358494281768799 0.31757497787475586 0.20975199341773987 0.0
52.32645797729492 5.3151631355285645 2.4901609420776367 0.4519850015640259 0.2133529931306839 0.0
97.65167236328125 10.670431137084961 3.664316177368164 1.1557329893112183 0.21821600198745728 0.0
178.87954711914062 61.06258773803711 7.531040668487549 2.645502805709839 0.2236420065164566 0.0
154.2762451171875 32.34904861450195 14.653597831726074 2.216899871826172 0.2290869951248169 0.0
128.46363830566406 20.427701950073242 13.215497016906738 1.229889988899231 0.23494400084018707 0.0
154.97763061523438 28.154870986938477 19.232397079467773 1.0428580045700073 0.24183599650859833 0.0
173.17591857910156 28.853797912597656 18.143688201904297 0.9606981873512268 0.24945199489593506 0.0
155.8664093017578 19.817602157592773 8.977418899536133 0.895296037197113 0.25765499472618103 0.0
149.73388671875 17.316957473754883 6.085204124450684 0.9557931423187256 0.2671850025653839 0.0
153.6814727783203 17.609426498413086 5.7974748611450195 1.091869831085205 0.27770501375198364 0.0
152.3353729248047 18.09101676940918 5.94222354888916 1.2659469842910767 0.2885430157184601 0.0
166.39761352539062 21.098957061767578 6.586696624755859 1.4992766380310059 0.29941898584365845 0.0
189.44158935546875 24.7579345703125 7.463906288146973 1.7483348846435547 0.3103260099887848 0.0
192.94786071777344 23.85774803161621 9.319849967956543 2.985703229904175 0.3214539885520935 0.0
242.48117065429688 28.884841918945312 11.579598426818848 4.141610622406006 0.33377498388290405 0.0
288.05535888671875 56.39932632446289 17.670326232910156 4.0758376121521 0.3478900194168091 0.0
325.9403381347656 62.90105056762695 26.34299659729004 4.649799823760986 0.36404502391815186 0.0
371.53973388671875 73.29915618896484 33.612186431884766 5.475076675415039 0.3836349844932556 7.999999979801942e-06
418.5085754394531 78.69830322265625 32.177337646484375 6.590759754180908 0.41309505701065063 0.00015999999595806003
468.1661682128906 91.94092559814453 38.03794860839844 7.843650817871094 0.47310999035835266 0.0017549999756738544
517.1741333007812 107.61737823486328 47.044403076171875 10.029747009277344 0.653974175453186 0.012389998883008957
595.7958374023438 133.503662109375 61.984130859375 13.903878211975098 1.2646510601043701 0.05598698556423187
665.8211059570312 152.83221435546875 70.8186264038086 19.744129180908203 2.541858196258545 0.09062599390745163
710.2615356445312 171.1397705078125 82.42875671386719 25.009151458740234 3.694310188293457 0.035214997828006744
1040.525390625 268.8836669921875 110.07211303710938 36.47399139404297 6.383304119110107 0.12905700504779816
1369.24267578125 332.14532470703125 151.69046020507812 55.14590072631836 11.47676944732666 0.3190860152244568
1580.408447265625 401.6605529785156 201.7606658935547 83.89286041259766 21.655517578125 0.7627900242805481
1974.0443115234375 528.8818359375 274.9501037597656 121.8589859008789 34.77416229248047 2.1256697177886963
2523.917724609375 702.4556884765625 363.107177734375 156.10501098632812 36.49231719970703 1.9791237115859985
3315.62255859375 968.8214111328125 498.9627990722656 203.82212829589844 30.855648040771484 1.3692692518234253
4364.1943359375 1333.0831298828125 694.1171264648438 279.45697021484375 31.19794273376465 3.7677667140960693
5591.28857421875 1748.76025390625 915.4496459960938 372.891845703125 41.82200241088867 7.770684719085693
7090.0458984375 2216.713134765625 1136.9111328125 456.9290466308594 57.26893997192383 8.373058319091797
8533.578125 2585.208251953125 1255.38916015625 467.83331298828125 64.16438293457031 6.424014568328857
10120.3916015625 2942.29345703125 1343.6324462890625 464.1553039550781 65.64452362060547 5.68503475189209
13170.0107421875 3880.032958984375 1706.2652587890625 601.5631713867188 93.18327331542969 10.138533592224121
26297.4765625 9289.2421875 3676.69677734375 1358.84033203125 266.3123779296875 39.844627380371094
34159.0078125 13519.9833984375 5817.33935546875 2559.19482421875 626.4812622070312 125.05977630615234
33878.625 13743.68359375 6505.50439453125 3118.241943359375 767.8539428710938 149.8563995361328
41130.78125 17699.900390625 8386.7333984375 3997.085205078125 1048.34765625 239.49649047851562
51742.6953125 23982.341796875 11670.8017578125 5752.72265625 1778.0723876953125 519.9364624023438
64768.80078125 32102.298828125 16376.7373046875 8590.966796875 3164.12255859375 1133.9715576171875
81924.4296875 43182.8125 22767.82421875 12242.7861328125 4896.22412109375 1911.655517578125
112480.5546875 64929.68359375 34344.47265625 17051.01953125 6229.45068359375 2293.074462890625
125150.4140625 72191.703125 36546.4609375 17041.8828125 5603.9091796875 1919.7236328125
134930.109375 78083.2265625 39382.85546875 18386.564453125 6088.548828125 2027.878173828125
148658.28125 87870.5 45326.74609375 21507.822265625 7199.31396484375 2377.003662109375
158935.3125 95591.9765625 50401.37890625 24281.978515625 7993.97607421875 2612.722412109375
149727.921875 88479.234375 47819.2109375 23947.087890625 8212.599609375 2710.003662109375
109144.3359375 62160.9375 33726.83984375 17651.80078125 7052.8193359375 2417.697265625
79464.0390625 43825.23828125 24342.546875 14434.728515625 6775.03271484375 2498.18212890625
81740.1953125 45599.625 26602.625 16411.42578125 7993.5908203125 3209.008056640625
116017.265625 68340.953125 40138.08203125 23032.16015625 10098.5673828125 4225.0986328125
156356.765625 92302.8984375 50769.13671875 26327.4765625 10401.5712890625 3814.76953125
161734.78125 95326.609375 50291.89453125 24166.22265625 9388.8779296875 3287.506591796875
14640.482421875 11799.515625 10504.65234375 8941.6044921875 4912.42578125 2267.087158203125
166300.09375 99653.5625 55103.23046875 27691.552734375 11155.0556640625 4155.1435546875
178491.953125 111447.0234375 64056.83984375 31807.23046875 12192.3564453125 4475.1533203125
194334.84375 128766.125 76794.1484375 37622.15625 12786.224609375 4450.27392578125
166655.96875 107189.734375 61548.6015625 28234.37109375 10010.7548828125 3479.506103515625
134867.390625 81045.328125 43349.99609375 20832.5390625 8285.8525390625 3181.612548828125
106502.4765625 59670.40234375 31625.49609375 17232.9765625 7355.2353515625 2845.370361328125
90726.28125 49083.203125 27116.427734375 15920.8486328125 6840.0625 2576.619873046875
86618.9921875 46883.515625 26664.76953125 15996.7666015625 6812.5703125 2546.4775390625
88737.0078125 48964.625 28063.21484375 16674.169921875 6964.87744140625 2645.3349609375
95865.4765625 54508.8671875 31171.36328125 18031.05859375 7277.4111328125 2777.3828125
102728.734375 60151.51171875 34509.18359375 19553.73828125 7703.42724609375 2949.35595703125
106813.71875 64010.75390625 37160.80078125 20796.076171875 7958.765625 2884.000244140625
110260.7890625 67576.109375 39728.85546875 22034.21875 8278.208984375 2852.7666015625
111231.6875 68605.6953125 38236.40625 19722.1015625 7309.10791015625 2613.309814453125
111338.6875 68777.4609375 37135.1484375 18948.912109375 6979.27734375 2435.677490234375
112134.28125 69794.296875 38446.72265625 19450.646484375 6850.4052734375 2280.714599609375
118308.03125 75522.203125 42416.97265625 21269.36328125 7161.17578125 2314.4873046875
119504.828125 76856.8203125 42935.58203125 21612.90234375 7339.7431640625 2377.646240234375
117777.0859375 76855.078125 44494.91796875 23398.970703125 8296.7568359375 2571.684814453125
116174.203125 76882.53125 45308.953125 24095.24609375 8549.1591796875 2591.5869140625
100816.84375 63522.03125 35552.234375 19096.716796875 6979.4150390625 2325.855224609375
92361.953125 54438.98828125 29801.447265625 16870.28125 6398.873046875 2147.05322265625
83677.5234375 51499.3125 29620.333984375 16621.990234375 6313.59033203125 2186.048095703125
101948.03125 69401.109375 41113.046875 21123.771484375 6714.26025390625 2114.349853515625
92740.4921875 63227.33203125 37121.65234375 18603.14453125 5637.77685546875 1805.8607177734375
78583.28125 54057.90234375 31050.201171875 14490.826171875 4011.1494140625 1315.4434814453125
53409.12109375 35873.82421875 20582.99609375 9345.587890625 2536.270751953125 865.601318359375
32590.904296875 20232.564453125 11657.640625 5649.09716796875 1644.0341796875 562.2821655273438
23317.0859375 13478.1171875 7793.96435546875 3987.664794921875 1224.701904296875 419.3150939941406
18565.125 10144.0771484375 5860.3134765625 3084.791015625 933.802490234375 319.15478515625
15929.537109375 8309.5634765625 4710.1328125 2466.190673828125 692.1144409179688 229.3810272216797
14009.818359375 6988.2880859375 3901.176513671875 2048.392578125 550.4637451171875 170.4435577392578
12538.9384765625 6037.47900390625 3343.7841796875 1781.6795654296875 481.0896911621094 133.9382781982422
11530.9462890625 5372.8623046875 2922.70751953125 1544.74853515625 411.3277587890625 103.83003234863281
10705.65234375 4827.76220703125 2553.84423828125 1309.384033203125 330.56158447265625 75.91252899169922
10058.8681640625 4416.23974609375 2262.10791015625 1112.0135498046875 265.2712707519531 56.27476501464844
9610.5029296875 4155.66015625 2061.169189453125 962.249755859375 217.84962463378906 43.50078201293945
8949.0498046875 3778.377685546875 1817.922607421875 808.8218994140625 173.8071746826172 33.219505310058594
8505.5625 3554.59375 1653.4378662109375 686.6528930664062 138.08258056640625 24.45894432067871
8014.0107421875 3305.472412109375 1487.92724609375 571.5597534179688 104.95252990722656 17.09197998046875
7223.01171875 2832.745361328125 1218.245361328125 437.97296142578125 75.52493286132812 12.426498413085938
6236.0869140625 2241.992431640625 913.4076538085938 314.9156494140625 49.45802688598633 5.718272686004639
5454.82958984375 1833.6829833984375 719.0689697265625 239.95570373535156 36.351898193359375 4.644300937652588
4686.4306640625 1440.5440673828125 547.153076171875 185.51353454589844 29.556751251220703 4.809452056884766
4128.83740234375 1192.02099609375 446.3283996582031 154.2040557861328 27.746137619018555 5.9557037353515625
3686.672119140625 1020.0734252929688 384.0464172363281 137.01148986816406 30.553089141845703 8.749266624450684
3316.908935546875 883.8560791015625 336.9389343261719 126.29967498779297 35.229976654052734 12.677364349365234
3136.0576171875 848.4716796875 325.86993408203125 117.28241729736328 34.761627197265625 13.021185874938965
3012.985107421875 844.1624145507812 322.77276611328125 104.40847778320312 29.163175582885742 9.781516075134277
2757.601318359375 749.4714965820312 279.4018859863281 85.91316223144531 22.137924194335938 6.085171222686768
2536.646484375 671.4945068359375 248.1348876953125 71.99915313720703 16.37517738342285 3.465285062789917
2362.10205078125 608.3427124023438 222.6654510498047 61.918426513671875 11.96137523651123 1.9738523960113525
2205.1123046875 548.469970703125 195.10009765625 54.51917266845703 8.896065711975098 1.1999518871307373
1991.8858642578125 465.24176025390625 163.8637237548828 47.560359954833984 6.873959064483643 0.918837308883667
1799.3685302734375 390.6022033691406 136.10888671875 41.63819885253906 5.625791549682617 0.8810491561889648
1638.2325439453125 330.39837646484375 114.44902801513672 36.99628829956055 4.87412691116333 0.9645572900772095
1549.5467529296875 300.973876953125 103.46076965332031 34.36616134643555 4.528335094451904 1.1237562894821167
1474.7938232421875 277.2217712402344 95.0782470703125 32.50471496582031 4.469828128814697 1.3684629201889038
1405.77001953125 256.57867431640625 88.27105712890625 31.280742645263672 4.752208709716797 1.8223330974578857
1331.4259033203125 236.00485229492188 82.39559173583984 30.5775089263916 5.421469211578369 2.586155891418457
1245.2882080078125 213.29550170898438 76.26362609863281 29.797080993652344 6.023207187652588 3.2642359733581543
1145.0269775390625 186.4794464111328 68.96288299560547 28.175025939941406 5.851467132568359 3.210634231567383
1041.6427001953125 159.58065795898438 61.271095275878906 25.845163345336914 4.973825931549072 2.4934210777282715
955.5294799804688 138.486328125 54.81208801269531 23.463539123535156 3.878406524658203 1.5819989442825317
875.4688720703125 119.8940658569336 49.07583236694336 21.068315505981445 2.7319495677948 0.6423231363296509
836.8706665039062 112.02014923095703 46.64686584472656 20.041399002075195 2.259709358215332 0.3905850946903229
808.1402587890625 106.24197387695312 44.66949462890625 19.148883819580078 1.8905099630355835 0.2899489998817444
788.5857543945312 102.39642333984375 43.134193420410156 18.490158081054688 1.7038426399230957 0.2855130136013031
775.3801879882812 99.91609954833984 41.96592330932617 18.090330123901367 1.6535600423812866 0.3141350746154785
765.14208984375 98.21859741210938 41.071292877197266 17.89872169494629 1.6765375137329102 0.3578820526599884
760.9695434570312 96.35179138183594 38.62156677246094 16.96381187438965 1.5808930397033691 0.27330198884010315
747.7059326171875 96.48082733154297 39.75740051269531 17.76456069946289 1.7883778810501099 0.48779505491256714
732.4224853515625 96.01889038085938 39.10457992553711 17.717578887939453 1.8525937795639038 0.5685170292854309
724.5645751953125 96.65019989013672 38.628273010253906 17.69333267211914 1.905961513519287 0.6321831345558167
717.616455078125 97.93168640136719 38.243568420410156 17.710878372192383 1.9253381490707397 0.6381030678749084
700.8308715820312 96.20156860351562 37.45949172973633 17.6966609954834 1.8833017349243164 0.5684560537338257
677.6073608398438 91.45075225830078 35.80720901489258 17.20465087890625 1.8126251697540283 0.4509941041469574
662.6897583007812 87.77336883544922 33.451446533203125 16.049758911132812 1.7361669540405273 0.3035510778427124
607.7925415039062 75.99442291259766 31.523609161376953 15.44395923614502 1.7426379919052124 0.2337869554758072
562.3216552734375 67.6721420288086 29.29960060119629 14.440974235534668 1.676875114440918 0.13344499468803406
516.6319580078125 60.244415283203125 27.192184448242188 13.475303649902344 1.6042053699493408 0.07216800004243851
543.4044189453125 64.01840209960938 26.605548858642578 13.031634330749512 1.5880920886993408 0.06148799881339073
482.8897705078125 55.201148986816406 24.437103271484375 12.129364967346191 1.5362598896026611 0.05400999262928963
481.3191833496094 54.80638885498047 23.46378517150879 11.531779289245605 1.4611241817474365 0.04679499566555023
434.12860107421875 48.26814270019531 21.60577392578125 10.625075340270996 1.3352493047714233 0.04456900432705879
394.0411376953125 43.35926818847656 20.01731300354004 9.802361488342285 1.169208288192749 0.04289399832487106
377.3505859375 41.43409729003906 18.97285270690918 9.23681926727295 1.0143343210220337 0.04093000292778015
368.3066711425781 40.42243194580078 18.125839233398438 8.768796920776367 0.8995442986488342 0.039771001785993576
364.96551513671875 40.29154586791992 17.472017288208008 8.359002113342285 0.820275068283081 0.04057399928569794
387.61041259765625 44.897254943847656 17.432016372680664 8.19440746307373 0.7861862182617188 0.04186699911952019
360.85345458984375 41.600345611572266 16.470491409301758 7.708641052246094 0.7294760942459106 0.04219500347971916
358.51141357421875 42.412353515625 15.896346092224121 7.461428642272949 0.6823801398277283 0.041992004960775375
318.75677490234375 37.43536376953125 14.870208740234375 6.977931976318359 0.6116951704025269 0.04044000431895256
296.09722900390625 34.45606994628906 14.093488693237305 6.543312072753906 0.5451010465621948 0.03804999962449074
289.0073547363281 34.707340240478516 13.650185585021973 6.222407817840576 0.5249630808830261 0.039299000054597855
259.0753479003906 27.898380279541016 12.28699779510498 5.59992790222168 0.4696940779685974 0.03887299820780754
253.7104034423828 27.8740177154541 11.935894012451172 5.394648551940918 0.4457540810108185 0.03748399764299393
252.91607666015625 29.724653244018555 11.705144882202148 5.192668914794922 0.41897812485694885 0.03380899876356125
240.1968536376953 27.441234588623047 10.902449607849121 4.785192012786865 0.33674708008766174 0.023680998012423515
227.87156677246094 24.79669189453125 10.001880645751953 4.355624198913574 0.30020514130592346 0.019909000024199486
219.95480346679688 23.398881912231445 9.333695411682129 3.9556257724761963 0.2721869647502899 0.017055999487638474
212.48980712890625 22.0689754486084 8.680771827697754 3.582906484603882 0.24990595877170563 0.01539399940520525
193.8579559326172 20.157678604125977 8.042363166809082 3.211059093475342 0.2253069281578064 0.013605998829007149
184.49368286132812 18.736356735229492 7.375966548919678 2.882086992263794 0.20233099162578583 0.011564998887479305
177.19386291503906 17.477075576782227 6.726845741271973 2.5892231464385986 0.1816919893026352 0.009441999718546867
170.96046447753906 16.312782287597656 6.132668972015381 2.3121838569641113 0.16365498304367065 0.007424999959766865
165.53955078125 15.277444839477539 5.589311122894287 2.0688419342041016 0.14811499416828156 0.005702999886125326
161.173828125 14.386911392211914 5.106716632843018 1.856105923652649 0.13283498585224152 0.004267000127583742
157.0123291015625 13.616180419921875 4.693605422973633 1.67246675491333 0.11848500370979309 0.0032049999572336674
152.3923797607422 12.814101219177246 4.288881778717041 1.5153419971466064 0.10451299697160721 0.0025060002226382494
146.82252502441406 11.993675231933594 3.9259071350097656 1.3716684579849243 0.08890800923109055 0.001978999935090542
142.20729064941406 11.257400512695312 3.569603681564331 1.2550524473190308 0.07597499340772629 0.001433999976143241
129.54420471191406 10.263211250305176 3.274547576904297 1.163002371788025 0.06515198945999146 0.0009500000160187483
124.42272186279297 9.629316329956055 3.0435972213745117 1.0886602401733398 0.05504400655627251 0.0004820000322069973
120.38609313964844 9.076491355895996 2.824984550476074 1.031745433807373 0.04712700843811035 0.00033400001120753586
116.20486450195312 8.541258811950684 2.6247780323028564 0.9836304187774658 0.04039900004863739 0.0002280000044265762
112.42356872558594 8.059915542602539 2.44262957572937 0.9410920143127441 0.03447600081562996 0.0001550000160932541
108.99107360839844 7.662511348724365 2.301764488220215 0.9102580547332764 0.02963399887084961 0.00010200000542681664
105.40267181396484 7.280758857727051 2.1758737564086914 0.8849212527275085 0.025005005300045013 6.70000008540228e-05
102.28580474853516 6.944622993469238 2.0598721504211426 0.8552320599555969 0.02162800170481205 4.499999704421498e-05
99.72333526611328 6.672652244567871 1.958864450454712 0.8207910656929016 0.01889999769628048 3.099999958067201e-05
96.79290008544922 6.402797698974609 1.8681648969650269 0.7860241532325745 0.016179004684090614 2.199999835283961e-05
88.51886749267578 6.01611852645874 1.775015950202942 0.7536370754241943 0.01389399915933609 1.5999999959603883e-05
87.15786743164062 5.821531295776367 1.6600708961486816 0.6995011568069458 0.012466000393033028 1.2000000424450263e-05
86.68072509765625 5.670380592346191 1.5408048629760742 0.635776162147522 0.011778999119997025 9.999999747378752e-06
86.13435363769531 5.558704376220703 1.4532217979431152 0.5869759917259216 0.011168998666107655 9.000000318337698e-06
86.5862808227539 5.517307758331299 1.383257269859314 0.5381859540939331 0.01124499924480915 9.000000318337698e-06
87.07374572753906 5.4766340255737305 1.3359330892562866 0.5031560659408569 0.011632999405264854 7.999999979801942e-06
86.16410827636719 5.353609561920166 1.2962056398391724 0.48053523898124695 0.01147800125181675 9.000000318337698e-06
84.5322494506836 5.179203033447266 1.263999342918396 0.4642571806907654 0.01147099956870079 9.000000318337698e-06
81.4859390258789 4.9509711265563965 1.2216399908065796 0.44737812876701355 0.010613000951707363 7.999999979801942e-06
78.3981704711914 4.736922740936279 1.1841065883636475 0.4326481223106384 0.009950000792741776 7.999999979801942e-06
70.68351745605469 4.411122798919678 1.1423437595367432 0.41798698902130127 0.009180999360978603 7.999999979801942e-06
67.35218811035156 4.1908369064331055 1.0975985527038574 0.39999207854270935 0.008531000465154648 7.999999979801942e-06
64.13143157958984 3.986088275909424 1.054761290550232 0.3825759291648865 0.007965000346302986 7.999999979801942e-06
61.11000061035156 3.798753499984741 1.0146570205688477 0.3662090599536896 0.007475999183952808 7.999999979801942e-06
58.315216064453125 3.630086660385132 0.9783251285552979 0.3514050543308258 0.007047999184578657 7.999999979801942e-06
55.65839767456055 3.4721944332122803 0.9470309019088745 0.33896389603614807 0.006718999240547419 7.999999979801942e-06
53.1719970703125 3.3368873596191406 0.9203699827194214 0.32804492115974426 0.006399998906999826 7.999999979801942e-06
51.09157943725586 3.2318878173828125 0.90323406457901 0.32073092460632324 0.006163999438285828 9.000000318337698e-06
49.16902542114258 3.1380298137664795 0.8894919753074646 0.31426891684532166 0.005980998743325472 9.000000318337698e-06
47.38394546508789 3.050325870513916 0.8771558403968811 0.3080688714981079 0.005831999238580465 1.1000000085914508e-05
43.28864288330078 2.902773141860962 0.8630177974700928 0.30238988995552063 0.005652999505400658 1.2000000424450263e-05
41.6385383605957 2.8210763931274414 0.8511645197868347 0.2965059280395508 0.00550799909979105 1.4000000192027073e-05
40.00593185424805 2.747184991836548 0.8418030738830566 0.29193392395973206 0.00536699965596199 1.300000076298602e-05
38.38319778442383 2.6756794452667236 0.8343097567558289 0.2887289822101593 0.005239998921751976 9.999999747378752e-06
36.75954818725586 2.6103169918060303 0.8282279968261719 0.2861919105052948 0.005144998896867037 1.1000000085914508e-05
35.157936096191406 2.546581983566284 0.8226979970932007 0.28408193588256836 0.005093998275697231 1.2000000424450263e-05
33.60822677612305 2.488056182861328 0.8180170059204102 0.2824699580669403 0.0050819991156458855 1.2000000424450263e-05
32.14989471435547 2.4351613521575928 0.8145989179611206 0.2816929519176483 0.005076999310404062 1.2999999853491317e-05
30.7966251373291 2.3913238048553467 0.813471794128418 0.2820660173892975 0.005051000043749809 1.4000000192027073e-05
29.514400482177734 2.3504843711853027 0.8132177591323853 0.28301095962524414 0.004981999285519123 1.4000000192027073e-05
27.000593185424805 2.2716681957244873 0.8104714751243591 0.2843709886074066 0.004854999482631683 1.4999999621068127e-05
25.80794334411621 2.2246432304382324 0.8068870306015015 0.284400999546051 0.004748999141156673 1.4999999621068127e-05
24.633514404296875 2.1738333702087402 0.8009064793586731 0.28344792127609253 0.004561999812722206 0.0
23.50827407836914 2.1235625743865967 0.7945330142974854 0.2824499309062958 0.004443000070750713 0.0
22.445186614990234 2.075711965560913 0.7887217402458191 0.28178998827934265 0.004317000042647123 0.0
21.463184356689453 2.033629894256592 0.7851672768592834 0.28190892934799194 0.003976000007241964 0.0
20.570770263671875 1.9975285530090332 0.7837467193603516 0.28247395157814026 0.0037930000107735395 0.0
19.759798049926758 1.9629738330841064 0.7807650566101074 0.28033891320228577 0.001726000104099512 0.0
19.03227996826172 1.933193325996399 0.7796106934547424 0.2792579233646393 0.0017350000562146306 0.0
18.37994384765625 1.9054584503173828 0.7778515219688416 0.27766096591949463 0.001757000107318163 0.0
17.07832908630371 1.8547369241714478 0.7733367085456848 0.27549999952316284 0.001769999973475933 0.0
9.325214385986328 3.0614819526672363 2.344038724899292 0.9072800278663635 0.00030399998649954796 0.0
16.07091522216797 1.809166669845581 0.7722449898719788 0.2767910063266754 0.0009449999779462814 0.0
15.584260940551758 1.7892954349517822 0.774895191192627 0.2803649306297302 0.0009609999833628535 0.0
15.110698699951172 1.772923231124878 0.7799581289291382 0.2850789427757263 0.0009629999403841794 0.0
14.664484024047852 1.7601611614227295 0.7855606079101562 0.28921598196029663 0.0009599999757483602 0.0
14.206183433532715 1.7412697076797485 0.785877525806427 0.2892899811267853 0.0009720000089146197 0.0
13.772871971130371 1.7217298746109009 0.7833360433578491 0.28767091035842896 0.0009749999735504389 0.0
13.349343299865723 1.7005196809768677 0.7791646718978882 0.2859419882297516 0.0009299999801442027 0.0
12.941155433654785 1.6766691207885742 0.7722439169883728 0.2823329567909241 0.00088900001719594 0.0
12.112715721130371 1.628876805305481 0.7578068375587463 0.2728530168533325 0.00088900001719594 0.0
11.766595840454102 1.6041492223739624 0.7489616870880127 0.2666489779949188 0.0008919999236240983 0.0
11.427926063537598 1.57756507396698 0.7383313179016113 0.25993192195892334 0.0008969999616965652 0.0
11.103261947631836 1.5478637218475342 0.7260728478431702 0.24940097332000732 0.0009129999671131372 0.0
10.833830833435059 1.5361186265945435 0.7324363589286804 0.25193002820014954 0.0009399999398738146 0.0
10.522805213928223 1.5000996589660645 0.7121899127960205 0.23977400362491608 0.0009280000231228769 0.0
10.247162818908691 1.4613654613494873 0.689041793346405 0.21948091685771942 0.0009500000160187483 0.0
9.98208999633789 1.4228157997131348 0.6649177670478821 0.20179399847984314 0.0009590000263415277 0.0
9.73364543914795 1.394147515296936 0.6505464911460876 0.19560500979423523 0.0009619999909773469 0.0
9.471512794494629 1.357698678970337 0.6287588477134705 0.18570297956466675 0.0009410000056959689 0.0
8.89572811126709 1.3042041063308716 0.6055766940116882 0.17242097854614258 0.0009330000029876828 0.0
8.652445793151855 1.2668335437774658 0.5836832523345947 0.15976494550704956 0.0009110000100918114 0.0
8.410445213317871 1.234010100364685 0.5668915510177612 0.15322895348072052 0.0008570000063627958 0.0
8.178234100341797 1.2037428617477417 0.5524823069572449 0.14748497307300568 0.0008299999753944576 0.0
7.954194068908691 1.1776607036590576 0.5417952537536621 0.14328594505786896 0.000813000020571053 0.0
7.73522424697876 1.1553386449813843 0.533987283706665 0.1406489610671997 0.0008030000026337802 0.0
7.54780912399292 1.1490492820739746 0.541293203830719 0.1448349803686142 0.00020399999630171806 0.0
7.31814432144165 1.1181511878967285 0.5228575468063354 0.13716799020767212 1.9999999494757503e-05 0.0
7.125014305114746 1.103541374206543 0.5202222466468811 0.13715796172618866 2.099999983329326e-05 0.0
6.9185333251953125 1.0778684616088867 0.5062723159790039 0.13194693624973297 2.300000051036477e-05 0.0
6.491209506988525 1.0336443185806274 0.48640015721321106 0.12484294921159744 2.300000051036477e-05 0.0
6.30985164642334 1.0078740119934082 0.47185537219047546 0.11945593357086182 0.0 0.0
6.147887706756592 0.9881331324577332 0.4629262387752533 0.11648998409509659 0.0 0.0
6.003197193145752 0.972457230091095 0.4572972059249878 0.11473896354436874 0.0 0.0
5.8534321784973145 0.9512689709663391 0.44645118713378906 0.10839996486902237 0.0 0.0
5.707822799682617 0.9343300461769104 0.44027626514434814 0.10645895451307297 0.0 0.0
5.562228679656982 0.9206401705741882 0.43837422132492065 0.10414595901966095 0.0 0.0
5.433820724487305 0.9098569750785828 0.4374692440032959 0.10409794747829437 9.999999974752427e-07 0.0
5.292770862579346 0.8874678015708923 0.42465415596961975 0.09919696301221848 9.999999974752427e-07 0.0
5.194249153137207 0.8829187154769897 0.42778927087783813 0.10058597475290298 0.0 0.0
4.927030086517334 0.8562116622924805 0.4184502065181732 0.09757796674966812 0.0 0.0
4.835957050323486 0.8441537022590637 0.4129174053668976 0.09601396322250366 0.0 0.0
4.746311664581299 0.8314078450202942 0.4065443277359009 0.09421796351671219 0.0 0.0
4.653390407562256 0.8207167983055115 0.4031354486942291 0.09366799145936966 0.0 0.0
4.551814079284668 0.8065161108970642 0.39685726165771484 0.09193094819784164 0.0 0.0
4.458373069763184 0.7925907969474792 0.38977929949760437 0.0892229676246643 0.0 0.0
4.366836071014404 0.7810238003730774 0.38542819023132324 0.08833196759223938 0.0 0.0
4.287984371185303 0.7709010243415833 0.3810683488845825 0.08727096766233444 0.0 0.0
4.2101569175720215 0.7603709697723389 0.3763412535190582 0.08621597290039062 0.0 0.0
4.1360087394714355 0.7493343353271484 0.3709491789340973 0.08487198501825333 0.0 0.0
3.934960126876831 0.7262319326400757 0.3634973168373108 0.08368098735809326 0.0 0.0
3.8634886741638184 0.7127298712730408 0.3560122847557068 0.08084297925233841 0.0 0.0
3.789703607559204 0.6989880204200745 0.348804235458374 0.078823983669281 0.0 0.0
3.712143659591675 0.6844105124473572 0.3412761688232422 0.07679300010204315 0.0 0.0
3.6282474994659424 0.6688023805618286 0.3331592082977295 0.07466698437929153 0.0 0.0
3.53299880027771 0.6504825949668884 0.32303813099861145 0.0719819888472557 0.0 0.0
3.4382662773132324 0.6323574185371399 0.31291207671165466 0.06914299726486206 0.0 0.0
3.3361217975616455 0.613011360168457 0.30222004652023315 0.0658169835805893 0.0 0.0
3.236408233642578 0.5950653553009033 0.2926810681819916 0.06362898647785187 0.0 0.0
3.1352052688598633 0.5763372778892517 0.2829299867153168 0.0615369975566864 0.0 0.0
2.923065423965454 0.5465352535247803 0.27049097418785095 0.05921398103237152 0.0 0.0
2.8338305950164795 0.5280665755271912 0.2601858973503113 0.05654597654938698 0.0 0.0
2.7617299556732178 0.5137902498245239 0.2527219355106354 0.05510098859667778 0.0 0.0
2.6983678340911865 0.5013813376426697 0.24676194787025452 0.054228998720645905 0.0 0.0
2.648653268814087 0.4911692440509796 0.2416580319404602 0.053068988025188446 0.0 0.0
2.614408493041992 0.4849773645401001 0.23942796885967255 0.053089987486600876 0.0 0.0
2.596855878829956 0.482563316822052 0.23942287266254425 0.053655993193387985 0.0 0.0
2.5885796546936035 0.48254749178886414 0.24124088883399963 0.05494000017642975 0.0 0.0
2.583148241043091 0.48188841342926025 0.24194194376468658 0.05569799616932869 0.0 0.0
2.582122802734375 0.4825242757797241 0.2438509464263916 0.05695800110697746 0.0 0.0
2.4784421920776367 0.47670313715934753 0.24629203975200653 0.0592929944396019 0.0 0.0
2.489250898361206 0.4807721972465515 0.25047293305397034 0.06162199005484581 0.0 0.0
2.5058751106262207 0.48798128962516785 0.2577349543571472 0.06541699171066284 0.0 0.0
2.5249948501586914 0.496099054813385 0.2657589316368103 0.06964897364377975 0.0 0.0
2.5447704792022705 0.5043641328811646 0.27393093705177307 0.07408200949430466 0.0 0.0
2.5658786296844482 0.5133891701698303 0.28287798166275024 0.07889799028635025 0.0 0.0
2.5863037109375 0.522874116897583 0.29253891110420227 0.08445699512958527 0.0 0.0
2.611365795135498 0.5343955755233765 0.30397915840148926 0.09094200283288956 0.0 0.0
2.6376242637634277 0.5465215444564819 0.3157281279563904 0.09769900143146515 0.0 0.0
2.6670033931732178 0.5605624318122864 0.32896503806114197 0.10521300882101059 0.0 0.0
2.592951774597168 0.5634567737579346 0.33633315563201904 0.1089949980378151 0.0 0.0
2.6261110305786133 0.5787177085876465 0.3495021164417267 0.11608900129795074 0.0 0.0
2.665881395339966 0.5971117615699768 0.36502692103385925 0.12442798167467117 0.0 0.0
2.6990137100219727 0.6117788553237915 0.37678617238998413 0.1304749846458435 0.0 0.0
2.7455079555511475 0.6338168382644653 0.39538219571113586 0.14038997888565063 0.0 0.0
2.7828176021575928 0.6520967483520508 0.41096630692481995 0.1491280049085617 0.0 0.0
2.833618402481079 0.6765086650848389 0.43201321363449097 0.1598520129919052 0.0 0.0
2.8606817722320557 0.6826815605163574 0.4356672763824463 0.15418598055839539 0.0 0.0
2.904902696609497 0.7026644945144653 0.45247629284858704 0.16063499450683594 0.0 0.0
2.9490983486175537 0.7274088263511658 0.47467944025993347 0.17330899834632874 0.0 0.0
2.8998398780822754 0.7462245225906372 0.4959961771965027 0.1866769641637802 0.0 0.0
2.9322047233581543 0.7688904404640198 0.5176871418952942 0.20105698704719543 0.0 0.0
2.974492073059082 0.7971563339233398 0.5431602597236633 0.21740499138832092 0.0 0.0
2.9129202365875244 0.7325615286827087 0.477644145488739 0.14597497880458832 0.0 0.0
2.9259815216064453 0.7264981269836426 0.4677443206310272 0.12508799135684967 0.0 0.0
2.9519448280334473 0.7390745282173157 0.4765123426914215 0.12847401201725006 0.0 0.0
2.930455446243286 0.6847633123397827 0.4141611158847809 0.054381001740694046 0.0 0.0
3.029877185821533 0.7176927924156189 0.4325510859489441 0.059174999594688416 0.0 0.0
3.2178781032562256 0.7642003297805786 0.45337212085723877 0.060144998133182526 0.0 0.0
3.4792532920837402 0.8226876854896545 0.47946715354919434 0.07073399424552917 0.0 0.0
3.67264986038208 0.8725405931472778 0.4979041814804077 0.07870198041200638 0.0 0.0
3.941470146179199 0.9289596080780029 0.5226544141769409 0.0890759825706482 0.0 0.0
4.07608699798584 0.963186502456665 0.5403652787208557 0.09704799205064774 0.0 0.0
4.022427558898926 0.9019054770469666 0.4750112295150757 0.023010000586509705 0.0 0.0
3.982325553894043 0.9058094024658203 0.481884241104126 0.021216001361608505 0.0 0.0
3.9408085346221924 0.9082697033882141 0.48768118023872375 0.01798199862241745 0.0 0.0
3.927239179611206 0.9204425811767578 0.5009151697158813 0.01804399862885475 0.0 0.0
3.9519705772399902 0.9391899108886719 0.5164292454719543 0.017503000795841217 0.0 0.0
4.011048316955566 0.9663063883781433 0.5365970134735107 0.018990997225046158 0.0 0.0
4.103490352630615 0.996307909488678 0.5553483366966248 0.020399998873472214 0.0 0.0
4.122903347015381 1.0195772647857666 0.5674182176589966 0.02106100134551525 0.0 0.0
4.252164363861084 1.0468052625656128 0.5777761936187744 0.011120999231934547 0.0 0.0
4.39661979675293 1.0907444953918457 0.6049074530601501 0.011984999291598797 0.0 0.0
4.531919479370117 1.1354955434799194 0.6340432167053223 0.013191000558435917 0.0 0.0
4.646374702453613 1.1790529489517212 0.6646450757980347 0.0136369988322258 0.0 0.0
0.036984991282224655 0.014981997199356556 0.0006010000361129642 0.0 0.0 0.0
4.790761947631836 1.2492350339889526 0.7185543179512024 0.008825001306831837 0.0 0.0
4.826837062835693 1.2748531103134155 0.7396141290664673 0.00899799820035696 0.0 0.0
4.869007110595703 1.308699369430542 0.769180178642273 0.009532999247312546 0.0 0.0
4.9289984703063965 1.3472192287445068 0.8019059896469116 0.009476999752223492 0.0 0.0
4.880603313446045 1.3786909580230713 0.8313862085342407 0.009424998424947262 0.0 0.0
4.969517707824707 1.4285115003585815 0.8732404112815857 0.009898997843265533 0.0 0.0
5.05263090133667 1.477057695388794 0.9145605564117432 0.010393000207841396 0.0 0.0
5.124128341674805 1.5268367528915405 0.9589216709136963 0.01002499833703041 0.0 0.0
5.167910099029541 1.5588346719741821 0.986569344997406 0.01007900107651949 0.0 0.0
5.139553070068359 1.5296282768249512 0.9538151621818542 0.01006300002336502 0.0 0.0
5.138193130493164 1.538717269897461 0.9597814083099365 0.01053799968212843 0.0 0.0
5.152484893798828 1.5743563175201416 0.9922833442687988 0.011003999970853329 0.0 0.0
5.1444315910339355 1.5865689516067505 0.9998562335968018 0.011511999182403088 0.0 0.0
5.166556358337402 1.6227308511734009 1.029624104499817 0.012038000859320164 0.0 0.0
5.106217384338379 1.6429790258407593 1.0378873348236084 0.01262199878692627 0.0 0.0
5.17490816116333 1.6817587614059448 1.0616071224212646 0.013253999873995781 0.0 0.0
5.250993251800537 1.7209315299987793 1.0836422443389893 0.014001999981701374 0.0 0.0
5.33297872543335 1.7607300281524658 1.1042052507400513 0.014463999308645725 0.0 0.0
5.427762508392334 1.8211840391159058 1.1444069147109985 0.013882999308407307 0.0 0.0
5.289175510406494 1.681650161743164 0.988126277923584 0.012520999647676945 0.0 0.0
5.046264171600342 1.4405109882354736 0.7294503450393677 0.012237000279128551 0.0 0.0
4.994194984436035 1.45497465133667 0.7391854524612427 0.012856999412178993 0.0 0.0
4.933146953582764 1.460824966430664 0.7416884899139404 0.01273499894887209 0.0 0.0
4.690103530883789 1.2999660968780518 0.5826273560523987 0.013090000487864017 0.0 0.0
4.498382568359375 1.2600380182266235 0.536477267742157 0.01322299987077713 0.0 0.0
4.448938369750977 1.2667816877365112 0.5412322282791138 0.013030999340116978 0.0 0.0
4.425947666168213 1.279127836227417 0.5449714064598083 0.012477000243961811 0.0 0.0
4.425461769104004 1.2978901863098145 0.5496163964271545 0.012242999859154224 0.0 0.0
4.459893703460693 1.3306759595870972 0.5591592788696289 0.012445000931620598 0.0 0.0
4.481838703155518 1.330241322517395 0.5253353118896484 0.01235199999064207 0.0 0.0
4.522416591644287 1.3424829244613647 0.4986792504787445 0.012997000478208065 0.0 0.0
4.607089996337891 1.3960251808166504 0.5085963010787964 0.013981999829411507 0.0 0.0
4.688511371612549 1.451006293296814 0.5194503664970398 0.014782999642193317 0.0 0.0
4.7050065994262695 1.4591948986053467 0.4920741319656372 0.01576099917292595 0.0 0.0
4.648673057556152 1.4663385152816772 0.4473590850830078 0.012719999067485332 0.0 0.0
4.686429977416992 1.5023541450500488 0.4322420656681061 0.010850000195205212 0.0 0.0
4.706484317779541 1.533689260482788 0.4276890754699707 0.011401998810470104 0.0 0.0
4.630728244781494 1.5135222673416138 0.4319371283054352 0.011740999296307564 0.0 0.0
4.592826843261719 1.5160733461380005 0.4207122027873993 0.012402999214828014 0.0 0.0
4.530562877655029 1.5005016326904297 0.4183441698551178 0.013112999498844147 0.0 0.0
4.439364910125732 1.4674997329711914 0.41932913661003113 0.014439999125897884 0.0 0.0
4.362222194671631 1.43740713596344 0.4205220639705658 0.015842000022530556 0.0 0.0
4.281176567077637 1.407504677772522 0.41830509901046753 0.018113000318408012 0.0 0.0
4.204962730407715 1.3757457733154297 0.4031251072883606 0.010478000156581402 0.0 0.0
4.057891368865967 1.3367154598236084 0.38838300108909607 0.0015640000347048044 0.0 0.0
4.030612468719482 1.3335325717926025 0.37994712591171265 0.0014299999456852674 0.0 0.0
4.012951850891113 1.3350844383239746 0.37253615260124207 0.00013000000035390258 0.0 0.0
3.9870550632476807 1.3363144397735596 0.36672499775886536 0.0001449999981559813 0.0 0.0
3.9601428508758545 1.3420723676681519 0.355908066034317 0.00015499998698942363 0.0 0.0
3.936779022216797 1.3481357097625732 0.34222397208213806 0.0001700000138953328 0.0 0.0
3.886810541152954 1.335619568824768 0.33991703391075134 0.0001610000035725534 0.0 0.0
3.8319332599639893 1.3179656267166138 0.3417139947414398 0.00019099999917671084 0.0 0.0
3.7452077865600586 1.2896313667297363 0.3333110213279724 0.00022000000171829015 0.0 0.0
3.6689820289611816 1.2617167234420776 0.33200299739837646 0.000231999991228804 0.0 0.0
3.4703805446624756 1.1870276927947998 0.33639398217201233 3.000000106112566e-05 0.0 0.0
3.4102797508239746 1.1667896509170532 0.3376200199127197 2.8000000384054147e-05 0.0 0.0
3.3488314151763916 1.1464513540267944 0.34073200821876526 1.500000053056283e-05 0.0 0.0
3.3008339405059814 1.1300915479660034 0.3363049328327179 9.999999974752427e-07 0.0 0.0
3.270697832107544 1.1213716268539429 0.3363650441169739 9.999999974752427e-07 0.0 0.0
3.265263080596924 1.1234692335128784 0.33612895011901855 9.999999974752427e-07 0.0 0.0
3.2721402645111084 1.1292582750320435 0.3365979790687561 9.999999974752427e-07 0.0 0.0
3.2773518562316895 1.1333012580871582 0.3340199291706085 1.9999999949504854e-06 0.0 0.0
3.2911391258239746 1.1409534215927124 0.3334009349346161 1.9999999949504854e-06 0.0 0.0
3.3029234409332275 1.1465644836425781 0.33004000782966614 1.9999999949504854e-06 0.0 0.0
3.1906254291534424 1.0985796451568604 0.3235680162906647 1.9999999949504854e-06 0.0 0.0
3.1758580207824707 1.089213252067566 0.3154750168323517 3.000000106112566e-06 0.0 0.0
3.170605182647705 1.0826994180679321 0.3079959452152252 3.000000106112566e-06 0.0 0.0
3.1570258140563965 1.071510672569275 0.3011769652366638 3.000000106112566e-06 0.0 0.0
3.137265920639038 1.0547785758972168 0.2942270040512085 0.0 0.0 0.0
3.1197662353515625 1.0389323234558105 0.28961604833602905 0.0 0.0 0.0
3.088135242462158 1.013978362083435 0.28307801485061646 0.0 0.0 0.0
3.0488481521606445 0.9810724854469299 0.26815497875213623 0.0 0.0 0.0
3.0127928256988525 0.9437215328216553 0.24439798295497894 0.0 0.0 0.0
3.0034372806549072 0.9258864521980286 0.2342289686203003 0.0 0.0 0.0
2.900177478790283 0.8855840563774109 0.2242569923400879 0.0 0.0 0.0
2.9410154819488525 0.8954355120658875 0.22590698301792145 0.0 0.0 0.0
3.0094547271728516 0.9174103140830994 0.23042798042297363 0.0 0.0 0.0
3.092583656311035 0.9453163146972656 0.23559096455574036 0.0 0.0 0.0
3.1765384674072266 0.9740692973136902 0.24010096490383148 0.0 0.0 0.0
3.2762866020202637 1.013114333152771 0.2459699511528015 0.0 0.0 0.0
3.3725106716156006 1.051331639289856 0.2487739771604538 0.0 0.0 0.0
3.4576029777526855 1.0867352485656738 0.24802497029304504 0.0 0.0 0.0
3.547691822052002 1.1251174211502075 0.24572797119617462 0.0 0.0 0.0
3.634265422821045 1.1626195907592773 0.24426797032356262 0.0 0.0 0.0
3.577660083770752 1.1433415412902832 0.24571797251701355 0.0 0.0 0.0
3.715872049331665 1.1989493370056152 0.2585340142250061 0.0 0.0 0.0
3.870650053024292 1.2541462182998657 0.2735769748687744 0.0 0.0 0.0
4.039762496948242 1.3037023544311523 0.2863900363445282 0.0 0.0 0.0
4.199893474578857 1.3409322500228882 0.29270002245903015 0.0 0.0 0.0
4.372900009155273 1.3861392736434937 0.29782798886299133 0.0 0.0 0.0
4.549992084503174 1.4368418455123901 0.30261096358299255 0.0 0.0 0.0
4.709184646606445 1.482474446296692 0.30630600452423096 0.0 0.0 0.0
4.814889907836914 1.510409951210022 0.3113889694213867 0.0 0.0 0.0
4.811150550842285 1.506757140159607 0.3177829682826996 0.0 0.0 0.0
4.438314914703369 1.3924932479858398 0.3225029706954956 0.0 0.0 0.0
4.088965892791748 1.2929843664169312 0.3321329653263092 0.0 0.0 0.0
3.5603013038635254 1.1348743438720703 0.32202601432800293 0.0 0.0 0.0
3.155562162399292 0.9869022965431213 0.28433698415756226 0.0 0.0 0.0
2.860982894897461 0.8550400137901306 0.23846495151519775 0.0 0.0 0.0
2.6898908615112305 0.7653030157089233 0.20585797727108002 0.0 0.0 0.0
2.60292387008667 0.7126871347427368 0.18616999685764313 0.0 0.0 0.0
2.5522236824035645 0.6749991774559021 0.17199498414993286 0.0 0.0 0.0
2.5361416339874268 0.6552160382270813 0.16380798816680908 0.0 0.0 0.0
2.492974281311035 0.6237480044364929 0.15265199542045593 0.0 0.0 0.0
2.3385021686553955 0.589210033416748 0.1424199938774109 0.0 0.0 0.0
2.296929359436035 0.561374843120575 0.13337098062038422 0.0 0.0 0.0
2.2149550914764404 0.5214679837226868 0.1215989887714386 0.0 0.0 0.0
2.117814064025879 0.4778389036655426 0.10931899398565292 0.0 0.0 0.0
2.023036003112793 0.43887409567832947 0.09882698208093643 0.0 0.0 0.0
1.954627275466919 0.41032296419143677 0.09102297574281693 0.0 0.0 0.0
1.9046969413757324 0.38690707087516785 0.08446397632360458 0.0 0.0 0.0
1.8775405883789062 0.3723020553588867 0.08026598393917084 0.0 0.0 0.0
1.884853720664978 0.3680170774459839 0.07816299796104431 0.0 0.0 0.0
1.8911875486373901 0.3618469834327698 0.07562299072742462 0.0 0.0 0.0
1.801314115524292 0.3449230492115021 0.07141898572444916 0.0 0.0 0.0
1.820054531097412 0.3408460319042206 0.06940699368715286 0.0 0.0 0.0
1.845815896987915 0.33951401710510254 0.0680370032787323 0.0 0.0 0.0
1.8740646839141846 0.33845099806785583 0.06675399094820023 0.0 0.0 0.0
1.9117988348007202 0.34053996205329895 0.06616199761629105 0.0 0.0 0.0
1.9503597021102905 0.3427790403366089 0.06584199517965317 0.0 0.0 0.0
1.9904520511627197 0.3458400070667267 0.06586999446153641 0.0 0.0 0.0
2.039496660232544 0.3534010648727417 0.06698299944400787 0.0 0.0 0.0
2.0983424186706543 0.36299604177474976 0.06847400218248367 0.0 0.0 0.0
2.1667864322662354 0.37471097707748413 0.070094995200634 0.0 0.0 0.0
2.097391128540039 0.3671630322933197 0.06793399155139923 0.0 0.0 0.0
2.1046571731567383 0.36717602610588074 0.06800999492406845 0.0 0.0 0.0
2.111679792404175 0.36743706464767456 0.06738799810409546 0.0 0.0 0.0
2.104184150695801 0.3651670217514038 0.06645399332046509 0.0 0.0 0.0
2.0868701934814453 0.3612319529056549 0.0652180016040802 0.0 0.0 0.0
2.0674428939819336 0.35668307542800903 0.06371099501848221 0.0 0.0 0.0
2.051280975341797 0.3526059687137604 0.06222299858927727 0.0 0.0 0.0
2.045776844024658 0.3503619432449341 0.06074300408363342 0.0 0.0 0.0
2.0452258586883545 0.3485879898071289 0.059376005083322525 0.0 0.0 0.0
2.0478851795196533 0.34723591804504395 0.0581820011138916 0.0 0.0 0.0
1.9618135690689087 0.33350202441215515 0.054050005972385406 0.0 0.0 0.0
1.9735279083251953 0.33362695574760437 0.053359005600214005 0.0 0.0 0.0
1.9863613843917847 0.3335059583187103 0.05266300216317177 0.0 0.0 0.0
1.9985719919204712 0.33308592438697815 0.052060000598430634 0.0 0.0 0.0
2.0184545516967773 0.3339799642562866 0.05177300423383713 0.0 0.0 0.0
2.037783145904541 0.33455199003219604 0.05146399885416031 0.0 0.0 0.0
2.0541300773620605 0.3345250189304352 0.050971996039152145 0.0 0.0 0.0
2.0699450969696045 0.3342980146408081 0.050352003425359726 0.0 0.0 0.0
2.083383560180664 0.3337440490722656 0.04947800189256668 0.0 0.0 0.0
2.0971930027008057 0.3330880105495453 0.04845200106501579 0.0 0.0 0.0
2.0011229515075684 0.31373798847198486 0.043140996247529984 0.0 0.0 0.0
2.004528045654297 0.3110159933567047 0.04148999974131584 0.0 0.0 0.0
2.009483814239502 0.30823105573654175 0.039914995431900024 0.0 0.0 0.0
2.0113790035247803 0.3044700026512146 0.038444001227617264 0.0 0.0 0.0
2.011395215988159 0.2998579442501068 0.036997001618146896 0.0 0.0 0.0
2.0153310298919678 0.29510295391082764 0.035725999623537064 0.0 0.0 0.0
2.02148175239563 0.28988900780677795 0.03466299921274185 0.0 0.0 0.0
2.0336740016937256 0.28488197922706604 0.03370099514722824 0.0 0.0 0.0
2.047546148300171 0.2795330286026001 0.03275799751281738 0.0 0.0 0.0
2.048283815383911 0.27208197116851807 0.03170900046825409 0.0 0.0 0.0
1.9195741415023804 0.24560493230819702 0.027274999767541885 0.0 0.0 0.0
1.9080584049224854 0.2370709627866745 0.026263000443577766 0.0 0.0 0.0
1.8853175640106201 0.22754298150539398 0.025150001049041748 0.0 0.0 0.0
1.8578674793243408 0.21768294274806976 0.024025002494454384 0.0 0.0 0.0
1.8220493793487549 0.20727689564228058 0.022767001762986183 0.0 0.0 0.0
1.7837764024734497 0.19708693027496338 0.021501002833247185 0.0 0.0 0.0
1.739763855934143 0.1866329461336136 0.02005000039935112 0.0 0.0 0.0
1.6864533424377441 0.1757039725780487 0.018324000760912895 0.0 0.0 0.0
1.6280646324157715 0.16459296643733978 0.01641800068318844 0.0 0.0 0.0
1.5670959949493408 0.15360097587108612 0.014477000571787357 0.0 0.0 0.0
1.3907599449157715 0.13107596337795258 0.010944999754428864 0.0 0.0 0.0
1.3512945175170898 0.12286292761564255 0.009693000465631485 0.0 0.0 0.0
1.343156337738037 0.11740396171808243 0.008990000933408737 0.0 0.0 0.0
1.3606314659118652 0.11443998664617538 0.008683000691235065 0.0 0.0 0.0
1.4023418426513672 0.11424098908901215 0.008704000152647495 0.0 0.0 0.0
1.4464812278747559 0.11564898490905762 0.008768000639975071 0.0 0.0 0.0
1.5018812417984009 0.11983697861433029 0.008981999009847641 0.0 0.0 0.0
1.5598697662353516 0.12653198838233948 0.009222999215126038 0.0 0.0 0.0
1.620285153388977 0.136199951171875 0.009496998973190784 0.0 0.0 0.0
1.6774083375930786 0.14873698353767395 0.009549000300467014 0.0 0.0 0.0
1.5569442510604858 0.150830939412117 0.007906000129878521 0.0 0.0 0.0
1.5719038248062134 0.16135793924331665 0.007590999361127615 0.0 0.0 0.0
1.5524178743362427 0.16528098285198212 0.0070580001920461655 0.0 0.0 0.0
1.509446144104004 0.1638139933347702 0.0064650001004338264 0.0 0.0 0.0
1.4512040615081787 0.15907196700572968 0.006034000311046839 0.0 0.0 0.0
1.394032597541809 0.15502795577049255 0.005631000269204378 0.0 0.0 0.0
1.3348588943481445 0.15160596370697021 0.005247999913990498 0.0 0.0 0.0
1.277828574180603 0.1497509628534317 0.004894999787211418 0.0 0.0 0.0
1.2289447784423828 0.14999398589134216 0.0045889997854828835 0.0 0.0 0.0
1.1853523254394531 0.1529819518327713 0.004317999817430973 0.0 0.0 0.0
1.019972324371338 0.1462079882621765 0.0034370003268122673 0.0 0.0 0.0
0.9886295199394226 0.15422797203063965 0.0032230003271251917 0.0 0.0 0.0
0.9627722501754761 0.16584596037864685 0.0030269999988377094 0.0 0.0 0.0
0.9419893026351929 0.18117296695709229 0.002841999987140298 0.0 0.0 0.0
0.9265648126602173 0.20036494731903076 0.0026710000820457935 0.0 0.0 0.0
0.9185424447059631 0.22342891991138458 0.0025480000767856836 0.0 0.0 0.0
0.9099322557449341 0.247376948595047 0.002428000094369054 0.0 0.0 0.0
0.901425838470459 0.2704770565032959 0.0022910002153366804 0.0 0.0 0.0
0.9007384777069092 0.29299306869506836 0.002213000087067485 0.0 0.0 0.0
0.900470495223999 0.31164512038230896 0.0021540001034736633 0.0 0.0 0.0
0.7721425294876099 0.26713502407073975 0.0018240001518279314 0.0 0.0 0.0
0.7692835927009583 0.27193301916122437 0.001787999994121492 0.0 0.0 0.0
0.7671124935150146 0.2738170325756073 0.0017719999887049198 0.0 0.0 0.0
0.7698107361793518 0.2754060626029968 0.0017840000800788403 0.0 0.0 0.0
0.7723355889320374 0.27538803219795227 0.0018060001311823726 0.0 0.0 0.0
0.7797132730484009 0.2774769961833954 0.0018630000995472074 0.0 0.0 0.0
0.7923138737678528 0.2807110548019409 0.0019379998557269573 0.0 0.0 0.0
0.8114503026008606 0.28654006123542786 0.002067000139504671 0.0 0.0 0.0
0.8401154279708862 0.2961699962615967 0.002203000010922551 0.0 0.0 0.0
0.8721814155578613 0.3070771098136902 0.002334000077098608 0.0 0.0 0.0
0.7857304811477661 0.26382994651794434 0.002246999880298972 0.0 0.0 0.0
0.8190726041793823 0.27629005908966064 0.002420000033453107 0.0 0.0 0.0
0.8565801978111267 0.2906750440597534 0.002736999886110425 0.0 0.0 0.0
0.8976654410362244 0.306583046913147 0.0029670000076293945 0.0 0.0 0.0
0.9331064820289612 0.320418119430542 0.0031769999768584967 0.0 0.0 0.0
0.9826773405075073 0.3402731418609619 0.003619000082835555 0.0 0.0 0.0
1.0367571115493774 0.36184415221214294 0.004171999637037516 0.0 0.0 0.0
1.0920486450195312 0.38397017121315 0.004792999476194382 0.0 0.0 0.0
1.1499559879302979 0.40699511766433716 0.005478000268340111 0.0 0.0 0.0
1.2115707397460938 0.43119415640830994 0.00626299949362874 0.0 0.0 0.0
1.1148024797439575 0.38502413034439087 0.006275000050663948 0.0 0.0 0.0
1.1731414794921875 0.4078682065010071 0.007102000527083874 0.0 0.0 0.0
1.2343991994857788 0.4320790767669678 0.008067999966442585 0.0 0.0 0.0
1.3007876873016357 0.45853105187416077 0.009179000742733479 0.0 0.0 0.0
1.3687981367111206 0.4865640699863434 0.01045099925249815 0.0 0.0 0.0
1.437124490737915 0.5161759257316589 0.011930999346077442 0.0 0.0 0.0
1.5088460445404053 0.5483899116516113 0.01365600060671568 0.0 0.0 0.0
1.5812760591506958 0.5827719569206238 0.01568800024688244 0.0 0.0 0.0
1.651187539100647 0.6186552047729492 0.017810000106692314 0.0 0.0 0.0
1.7195312976837158 0.6563491821289062 0.019923001527786255 0.0 0.0 0.0
1.5711427927017212 0.6043691039085388 0.019328998401761055 0.0 0.0 0.0
1.619239330291748 0.6384881734848022 0.020308000966906548 0.0 0.0 0.0
1.6630852222442627 0.6723951697349548 0.0203390009701252 0.0 0.0 0.0
1.7033095359802246 0.7077091932296753 0.02151000127196312 0.0 0.0 0.0
1.73614501953125 0.7428961396217346 0.023212997242808342 0.0 0.0 0.0
1.7619088888168335 0.7778360843658447 0.02513999678194523 0.0 0.0 0.0
1.7821085453033447 0.81243497133255 0.02700600028038025 0.0 0.0 0.0
1.8030552864074707 0.848807156085968 0.028815995901823044 0.0 0.0 0.0
1.8193541765213013 0.8853840827941895 0.0303219985216856 0.0 0.0 0.0
1.8340331315994263 0.9231220483779907 0.03096799924969673 0.0 0.0 0.0
1.6172153949737549 0.8355241417884827 0.02673500031232834 0.0 0.0 0.0
1.6274605989456177 0.8701559901237488 0.026363996788859367 0.0 0.0 0.0
1.6417675018310547 0.9105381965637207 0.026601001620292664 0.0 0.0 0.0
1.6648383140563965 0.9585051536560059 0.02691899985074997 0.0 0.0 0.0
1.6958197355270386 1.0141478776931763 0.02763400226831436 0.0 0.0 0.0
1.7382560968399048 1.0813937187194824 0.02948100119829178 0.0 0.0 0.0
1.790331482887268 1.1604357957839966 0.033643994480371475 0.0 0.0 0.0
1.8552050590515137 1.2538719177246094 0.042372994124889374 0.0 0.0 0.0
1.923293113708496 1.3522268533706665 0.04938400164246559 0.0 0.0 0.0
1.9924027919769287 1.4545906782150269 0.058636002242565155 0.0 0.0 0.0
1.6627193689346313 1.222227692604065 0.06025199964642525 0.0 0.0 0.0
1.7082269191741943 1.297935962677002 0.08216099441051483 0.0 0.0 0.0
1.7681342363357544 1.3875370025634766 0.12776800990104675 0.0 0.0 0.0
1.8350226879119873 1.4829071760177612 0.19463799893856049 0.0 0.0 0.0
1.910143256187439 1.5845452547073364 0.2841830253601074 0.0 0.0 0.0
1.9845198392868042 1.6828261613845825 0.3914810121059418 0.0 0.0 0.0
2.0467753410339355 1.7664718627929688 0.5065240263938904 0.0 0.0 0.0
2.0804357528686523 1.8189460039138794 0.6114819645881653 0.0 0.0 0.0
2.0731382369995117 1.828333854675293 0.6926030516624451 0.0 0.0 0.0
2.0170962810516357 1.7870484590530396 0.7385609149932861 0.0 0.0 0.0
1.3638572692871094 1.1671088933944702 0.4708010256290436 0.0 0.0 0.0
1.2387853860855103 1.054607629776001 0.44051700830459595 0.0 0.0 0.0
1.0969758033752441 0.9251180291175842 0.3924940228462219 0.0 0.0 0.0
0.9477760791778564 0.7891041040420532 0.33531200885772705 0.0 0.0 0.0
0.806547224521637 0.6610880494117737 0.2790680229663849 0.0 0.0 0.0
0.6697720885276794 0.5367079377174377 0.22029399871826172 0.0 0.0 0.0
0.5515090823173523 0.4277649521827698 0.16714799404144287 0.0 0.0 0.0
0.4511631429195404 0.32967203855514526 0.11499599367380142 0.0 0.0 0.0
0.37893909215927124 0.2542540431022644 0.07533600181341171 0.0 0.0 0.0
0.33886396884918213 0.2011999934911728 0.047141000628471375 0.0 0.0 0.0
0.26285210251808167 0.12176796793937683 0.01650799997150898 0.0 0.0 0.0
0.2684280276298523 0.11056698858737946 0.011382999829947948 0.0 0.0 0.0
0.26922690868377686 0.10352498292922974 0.009277998469769955 0.0 0.0 0.0
0.2694129943847656 0.09879200905561447 0.008222000673413277 0.0 0.0 0.0
0.268098920583725 0.09199099242687225 0.0031049998942762613 0.0 0.0 0.0
0.2668209969997406 0.08875599503517151 0.0017419999931007624 0.0 0.0 0.0
0.2623789608478546 0.08605000376701355 0.0017569998744875193 0.0 0.0 0.0
0.26052096486091614 0.08472300320863724 0.001867000013589859 0.0 0.0 0.0
0.26021894812583923 0.08398299664258957 0.0015669999411329627 0.0 0.0 0.0
0.2615279257297516 0.08384598046541214 0.001032999949529767 0.0 0.0 0.0
0.24045699834823608 0.07193198800086975 0.0008909999160096049 0.0 0.0 0.0
0.24481996893882751 0.07352198660373688 0.0009919999865815043 0.0 0.0 0.0
0.2496899515390396 0.07535098493099213 0.001125000067986548 0.0 0.0 0.0
0.25456297397613525 0.07726999372243881 0.0012829998740926385 0.0 0.0 0.0
0.2586909532546997 0.07902799546718597 0.00146100006531924 0.0 0.0 0.0
0.26206597685813904 0.08055998384952545 0.0016670000040903687 0.0 0.0 0.0
0.264242947101593 0.08172498643398285 0.0019020000472664833 0.0 0.0 0.0
0.26392292976379395 0.08215399086475372 0.002139999996870756 0.0 0.0 0.0
0.2633090019226074 0.08252399414777756 0.0024200002662837505 0.0 0.0 0.0
0.26378101110458374 0.0831810012459755 0.002776999957859516 0.0 0.0 0.0
0.24072599411010742 0.07191599905490875 0.002313000150024891 0.0 0.0 0.0
0.2420349419116974 0.07264000922441483 0.002658999990671873 0.0 0.0 0.0
0.24394093453884125 0.07354199886322021 0.003094000043347478 0.0 0.0 0.0
0.246149942278862 0.07457099854946136 0.003617999842390418 0.0 0.0 0.0
0.2484929859638214 0.07569000124931335 0.004248000215739012 0.0 0.0 0.0
0.25019893050193787 0.07663300633430481 0.004893000237643719 0.0 0.0 0.0
0.2520110011100769 0.07771500200033188 0.00573299964889884 0.0 0.0 0.0
0.25466999411582947 0.07915599644184113 0.006796000059694052 0.0 0.0 0.0
0.25777503848075867 0.08083099871873856 0.008086999878287315 0.0 0.0 0.0
0.26166194677352905 0.08290500193834305 0.009698000736534595 0.0 0.0 0.0
0.2413199543952942 0.07275500893592834 0.007854999974370003 0.0 0.0 0.0
0.24381594359874725 0.0742570012807846 0.009216999635100365 0.0 0.0 0.0
0.2464369833469391 0.07598698139190674 0.01083499938249588 0.0 0.0 0.0
0.2491830289363861 0.0780550017952919 0.01287700142711401 0.0 0.0 0.0
0.25247499346733093 0.08069299906492233 0.015389999374747276 0.0 0.0 0.0
0.25708991289138794 0.08432899415493011 0.018631000071763992 0.0 0.0 0.0
0.26213395595550537 0.08867498487234116 0.02249399945139885 0.0 0.0 0.0
0.26847895979881287 0.09424497932195663 0.027331000193953514 0.0 0.0 0.0
0.27550897002220154 0.10090599954128265 0.03310199826955795 0.0 0.0 0.0
0.2832379639148712 0.10880499333143234 0.03986499831080437 0.0 0.0 0.0
0.25278598070144653 0.09064900130033493 0.02829199843108654 0.0 0.0 0.0
0.255300909280777 0.09552499651908875 0.03202200308442116 0.0 0.0 0.0
0.2610589563846588 0.10244998335838318 0.037279997020959854 0.0 0.0 0.0
0.2701529562473297 0.11169400066137314 0.04433100298047066 0.0 0.0 0.0
0.28251704573631287 0.12347899377346039 0.05362100154161453 0.0 0.0 0.0
0.2998279631137848 0.13900898396968842 0.06643600016832352 0.0 0.0 0.0
0.32252711057662964 0.15912099182605743 0.08367600291967392 0.0 0.0 0.0
0.35054811835289 0.1841699779033661 0.10582400113344193 0.0 0.0 0.0
0.38400205969810486 0.21455498039722443 0.13338400423526764 0.0 0.0 0.0
0.4238390028476715 0.2512819468975067 0.16737300157546997 0.0 0.0 0.0
0.34578001499176025 0.1826469898223877 0.10698400437831879 0.0 0.0 0.0
0.37173599004745483 0.2061770111322403 0.12864799797534943 0.0 0.0 0.0
0.39678794145584106 0.22973597049713135 0.15077099204063416 0.0 0.0 0.0
0.4222729802131653 0.2541600167751312 0.1737699806690216 0.0 0.0 0.0
0.4434799253940582 0.2754709720611572 0.19407899677753448 0.0 0.0 0.0
0.46167507767677307 0.29433196783065796 0.21225398778915405 0.0 0.0 0.0
0.47426602244377136 0.3085139989852905 0.22591198980808258 0.0 0.0 0.0
0.4806249737739563 0.3171349763870239 0.23438701033592224 0.0 0.0 0.0
0.48427706956863403 0.3230590224266052 0.2403310090303421 0.0 0.0 0.0
0.48450398445129395 0.3256130516529083 0.24292999505996704 0.0 0.0 0.0
0.33093300461769104 0.18381698429584503 0.11206100136041641 0.0 0.0 0.0
0.3269740641117096 0.18150001764297485 0.10985000431537628 0.0 0.0 0.0
0.3231581151485443 0.17899198830127716 0.10719999670982361 0.0 0.0 0.0
0.31975704431533813 0.17647498846054077 0.10432999581098557 0.0 0.0 0.0
0.3154540956020355 0.17303898930549622 0.10036799311637878 0.0 0.0 0.0
0.3105809688568115 0.16893799602985382 0.09557399898767471 0.0 0.0 0.0
0.30479493737220764 0.164031982421875 0.08977999538183212 0.0 0.0 0.0
0.29836201667785645 0.15850496292114258 0.08317500352859497 0.0 0.0 0.0
0.2912340760231018 0.15249399840831757 0.07592800259590149 0.0 0.0 0.0
0.2833949625492096 0.14603199064731598 0.06814399361610413 0.0 0.0 0.0
0.22360093891620636 0.09568297863006592 0.027400000020861626 0.0 0.0 0.0
0.21959294378757477 0.09338399022817612 0.024022001773118973 0.0 0.0 0.0
0.21584489941596985 0.09146399796009064 0.020917000249028206 0.0 0.0 0.0
0.21231897175312042 0.08995100110769272 0.018088998273015022 0.0 0.0 0.0
0.21014893054962158 0.0895870104432106 0.01579499989748001 0.0 0.0 0.0
0.2084539830684662 0.08975599706172943 0.013770000077784061 0.0 0.0 0.0
0.20664194226264954 0.09010500460863113 0.011927000246942043 0.0 0.0 0.0
0.20506998896598816 0.09081798046827316 0.010364999994635582 0.0 0.0 0.0
0.20364493131637573 0.09165798872709274 0.00906899943947792 0.0 0.0 0.0
0.2030499279499054 0.09327998757362366 0.00798100046813488 0.0 0.0 0.0
0.18174797296524048 0.07938400655984879 0.004656000062823296 0.0 0.0 0.0
0.180995911359787 0.08075299859046936 0.004335000179708004 0.0 0.0 0.0
0.18035797774791718 0.08211101591587067 0.00408599991351366 0.0 0.0 0.0
0.18053293228149414 0.08397398889064789 0.0038969998713582754 0.0 0.0 0.0
0.18144792318344116 0.08625397831201553 0.0037520001642405987 0.0 0.0 0.0
0.1839989721775055 0.08964899927377701 0.003647000063210726 0.0 0.0 0.0
0.18547193706035614 0.09209899604320526 0.0035370001569390297 0.0 0.0 0.0
0.1853369176387787 0.09314700216054916 0.0034119999036192894 0.0 0.0 0.0
0.1823059618473053 0.09176500141620636 0.003260000143200159 0.0 0.0 0.0
0.17695696651935577 0.08836299926042557 0.0030930000357329845 0.0 0.0 0.0
0.15330296754837036 0.07034099102020264 0.0025059999898076057 0.0 0.0 0.0
0.14402493834495544 0.06382099539041519 0.0023590000346302986 0.0 0.0 0.0
0.1317029744386673 0.055098000913858414 0.002185999881476164 0.0 0.0 0.0
0.1190529465675354 0.04632999375462532 0.0020119999535381794 0.0 0.0 0.0
0.10640496760606766 0.03787000849843025 0.001838000025600195 0.0 0.0 0.0
0.09485895186662674 0.03050999902188778 0.001673000049777329 0.0 0.0 0.0
0.08430297672748566 0.024181000888347626 0.0015150000108405948 0.0 0.0 0.0
0.07516897469758987 0.01907300017774105 0.0013689999468624592 0.0 0.0 0.0
0.06736398488283157 0.015038999728858471 0.001234999974258244 0.0 0.0 0.0
0.060628995299339294 0.011843997985124588 0.0011129999766126275 0.0 0.0 0.0
0.05269499123096466 0.00838799960911274 0.0009180000051856041 0.0 0.0 0.0
0.04795399308204651 0.006619999185204506 0.0007970000151544809 0.0 0.0 0.0
0.043797992169857025 0.005200999788939953 0.0006510000093840063 0.0 0.0 0.0
0.04018799215555191 0.004094000440090895 0.0005169999785721302 0.0 0.0 0.0
0.03711799532175064 0.003295999951660633 0.00045900000259280205 0.0 0.0 0.0
0.034401994198560715 0.002669000066816807 0.00040699998498894274 0.0 0.0 0.0
0.032006993889808655 0.0021810000762343407 0.0003589999978430569 0.0 0.0 0.0
0.02988799475133419 0.001805000239983201 0.00031800000579096377 0.0 0.0 0.0
0.028056003153324127 0.0015120001044124365 0.00028199999360367656 0.0 0.0 0.0
0.02641800045967102 0.0012830001069232821 0.00024999998277053237 0.0 0.0 0.0
0.024472001940011978 0.0010469999397173524 0.00021299999207258224 0.0 0.0 0.0
0.02313399873673916 0.0009089999948628247 0.00019099999917671084 0.0 0.0 0.0
0.02192600443959236 0.0007990000303834677 0.0001720000000204891 0.0 0.0 0.0
0.02081400156021118 0.0007110000587999821 0.00015600000915583223 0.0 0.0 0.0
0.019765999168157578 0.0006350000039674342 0.00014000000373926014 0.0 0.0 0.0
0.01877100020647049 0.0005700000328943133 0.00012599999899975955 0.0 0.0 0.0
0.017850998789072037 0.0005200000596232712 0.00011500000255182385 0.0 0.0 0.0
0.017004001885652542 0.0004729999927803874 0.00010399999882793054 0.0 0.0 0.0
0.01621299795806408 0.0004389999667182565 9.599999611964449e-05 0.0 0.0 0.0
0.015462998300790787 0.00041000000783242285 8.900000102585182e-05 0.0 0.0 0.0
0.014636997133493423 0.00037599995266646147 8.199999865610152e-05 0.0 0.0 0.0
0.014002997428178787 0.0003519999445416033 7.399999594781548e-05 0.0 0.0 0.0
0.013437998481094837 0.0003349999897181988 6.800000119255856e-05 0.0 0.0 0.0
0.012907997705042362 0.0003189999843016267 6.299999949987978e-05 0.0 0.0 0.0
0.01241300068795681 0.0003060000017285347 5.8999998145736754e-05 0.0 0.0 0.0
0.011963998898863792 0.00029600001289509237 5.5999997130129486e-05 0.0 0.0 0.0
0.01157199777662754 0.0002849999873433262 5.3999996453057975e-05 0.0 0.0 0.0
0.011216999962925911 0.00027699998463504016 5.200000305194408e-05 0.0 0.0 0.0
0.01088699884712696 0.0002699999895412475 5.0000002374872565e-05 0.0 0.0 0.0
0.01057399995625019 0.0002629999944474548 4.8000001697801054e-05 0.0 0.0 0.0
0.010251999832689762 0.00025400001322850585 4.400000034365803e-05 0.0 0.0 0.0
0.009980998933315277 0.0002470000181347132 4.199999966658652e-05 0.0 0.0 0.0
0.00972099881619215 0.00024300000222865492 4.100000296602957e-05 0.0 0.0 0.0
0.009481997229158878 0.00023900001542642713 3.900000228895806e-05 0.0 0.0 0.0
0.009254997596144676 0.00023499999952036887 3.7000001611886546e-05 0.0 0.0 0.0
0.009019997902214527 0.0002280000044265762 3.5000000934815034e-05 0.0 0.0 0.0
0.008821999654173851 0.00022499999613501132 3.400000059627928e-05 0.0 0.0 0.0
0.008623997680842876 0.00022100000933278352 3.099999958067201e-05 0.0 0.0 0.0
0.008438998833298683 0.0002179999864893034 2.9999999242136255e-05 0.0 0.0 0.0
0.008266998454928398 0.00021399997058324516 2.8000000384054147e-05 0.0 0.0 0.0
0.00810099858790636 0.00021199998445808887 2.700000004551839e-05 0.0 0.0 0.0
0.007941998541355133 0.0002109999768435955 2.5000001187436283e-05 0.0 0.0 0.0
0.00778999924659729 0.00020799998310394585 2.4000000848900527e-05 0.0 0.0 0.0
0.007677999325096607 0.00020599999697878957 2.300000051036477e-05 0.0 0.0 0.0
0.0075689987279474735 0.00020499997481238097 2.099999983329326e-05 0.0 0.0 0.0
0.007461999077349901 0.00020299997413530946 1.9999999494757503e-05 0.0 0.0 0.0
0.007357999216765165 0.0002039999671978876 1.9999999494757503e-05 0.0 0.0 0.0
0.00725799985229969 0.00020199998107273132 1.8999999156221747e-05 0.0 0.0 0.0
0.007160999346524477 0.00020099995890632272 1.799999881768599e-05 0.0 0.0 0.0
0.007055999245494604 0.00019899997278116643 1.700000029813964e-05 0.0 0.0 0.0
0.006945998873561621 0.00019899997278116643 1.700000029813964e-05 0.0 0.0 0.0
0.006830999162048101 0.00019699997210409492 1.5999999959603883e-05 0.0 0.0 0.0
0.00671599805355072 0.00019499998597893864 1.5999999959603883e-05 0.0 0.0 0.0
0.006599999498575926 0.0001939999929163605 1.500000053056283e-05 0.0 0.0 0.0
0.0064549995586276054 0.00019299999985378236 1.500000053056283e-05 0.0 0.0 0.0
0.006302999798208475 0.00019099999917671084 1.4000000192027073e-05 0.0 0.0 0.0
0.006153999362140894 0.00018899999849963933 1.4000000192027073e-05 0.0 0.0 0.0
0.0060079991817474365 0.0001900000061141327 1.2999999853491317e-05 0.0 0.0 0.0
0.005852998699992895 0.00018899999849963933 1.2999999853491317e-05 0.0 0.0 0.0
0.005702999886125326 0.00018599999020807445 1.2000000424450263e-05 0.0 0.0 0.0
0.005561999976634979 0.0001849999971454963 1.1000000085914508e-05 0.0 0.0 0.0
0.005411998834460974 0.00018199998885393143 1.0000000656873453e-05 0.0 0.0 0.0
0.0052709998562932014 0.000179000009666197 7.999999979801942e-06 0.0 0.0 0.0
0.005145000293850899 0.00018000000272877514 7.999999979801942e-06 0.0 0.0 0.0
0.005023999605327845 0.00017899999511428177 7.999999979801942e-06 0.0 0.0 0.0
0.004910000134259462 0.00017899999511428177 7.999999979801942e-06 0.0 0.0 0.0
0.004798999521881342 0.0001779999874997884 7.000000096013537e-06 0.0 0.0 0.0
0.00470399996265769 0.0001779999874997884 7.000000096013537e-06 0.0 0.0 0.0
0.004612000193446875 0.0001779999874997884 7.000000096013537e-06 0.0 0.0 0.0
0.0045289997942745686 0.00017899998056236655 7.000000096013537e-06 0.0 0.0 0.0
0.004449000116437674 0.00017899999511428177 6.000000212225132e-06 0.0 0.0 0.0
0.004364999942481518 0.00017999998817685992 4.999999873689376e-06 0.0 0.0 0.0
0.004275999963283539 0.0001779999874997884 3.999999989900971e-06 0.0 0.0 0.0
0.004197999835014343 0.0001779999874997884 3.999999989900971e-06 0.0 0.0 0.0
0.004110999871045351 0.00017899999511428177 3.000000106112566e-06 0.0 0.0 0.0
0.004013000056147575 0.0001779999874997884 3.000000106112566e-06 0.0 0.0 0.0
0.003923000302165747 0.0001779999874997884 1.9999999949504854e-06 0.0 0.0 0.0
0.0038400001358240843 0.00017699999443721026 1.9999999949504854e-06 0.0 0.0 0.0
0.003757000667974353 0.00017699997988529503 9.999999974752427e-07 0.0 0.0 0.0
0.003667000448331237 0.0001779999874997884 9.999999974752427e-07 0.0 0.0 0.0
0.0035840002819895744 0.0001779999874997884 9.999999974752427e-07 0.0 0.0 0.0
0.0035030008293688297 0.00017699999443721026 9.999999974752427e-07 0.0 0.0 0.0
0.003418000414967537 0.00017899999511428177 9.999999974752427e-07 0.0 0.0 0.0
0.003336000256240368 0.00017899999511428177 9.999999974752427e-07 0.0 0.0 0.0
0.003266000421717763 0.00017899998056236655 9.999999974752427e-07 0.0 0.0 0.0
0.003203999949619174 0.00017899998056236655 9.999999974752427e-07 0.0 0.0 0.0
0.0031449999660253525 0.00017999998817685992 9.999999974752427e-07 0.0 0.0 0.0
0.003095999825745821 0.00017999998817685992 9.999999974752427e-07 0.0 0.0 0.0
0.0030330002773553133 0.00018000000272877514 0.0 0.0 0.0 0.0
0.0029810003470629454 0.0001779999874997884 0.0 0.0 0.0 0.0
0.0029380000196397305 0.00018000000272877514 0.0 0.0 0.0 0.0
0.002893000142648816 0.00018099998123943806 0.0 0.0 0.0 0.0
0.002841000445187092 0.00018199998885393143 0.0 0.0 0.0 0.0
0.0027980003505945206 0.0001839999749790877 0.0 0.0 0.0 0.0
0.002758000511676073 0.00018499998259358108 0.0 0.0 0.0 0.0
0.0027210002299398184 0.00018599999020807445 0.0 0.0 0.0 0.0
0.0026839999482035637 0.00018799999088514596 0.0 0.0 0.0 0.0
0.0026590002235025167 0.00018999999156221747 0.0 0.0 0.0 0.0
0.00264400034211576 0.0001939999929163605 0.0 0.0 0.0 0.0
0.0026320002507418394 0.0001990000018849969 0.0 0.0 0.0 0.0
0.002620000159367919 0.00020400001085363328 0.0 0.0 0.0 0.0
0.0026030002627521753 0.0002080000122077763 0.0 0.0 0.0 0.0
0.002592000411823392 0.00021299999207258224 0.0 0.0 0.0 0.0
0.002590000396594405 0.0002209999947808683 9.999999974752427e-07 0.0 0.0 0.0
0.0025850003585219383 0.00022399998852051795 9.999999974752427e-07 0.0 0.0 0.0
0.0025800003204494715 0.00022999999055173248 9.999999974752427e-07 0.0 0.0 0.0
0.0025770002976059914 0.00023599999258294702 9.999999974752427e-07 0.0 0.0 0.0
0.0025640001986175776 0.00023999999393709004 9.999999974752427e-07 0.0 0.0 0.0
0.0025410002563148737 0.00024399999529123306 9.999999974752427e-07 0.0 0.0 0.0
0.002484000287950039 0.00024399999529123306 9.999999974752427e-07 0.0 0.0 0.0
0.002410000190138817 0.0002399999793851748 9.999999974752427e-07 0.0 0.0 0.0
0.002361000282689929 0.00023899998632259667 9.999999974752427e-07 0.0 0.0 0.0
0.0023640000727027655 0.0002470000181347132 9.999999974752427e-07 0.0 0.0 0.0
0.0024070001672953367 0.0002589999930933118 9.999999974752427e-07 0.0 0.0 0.0
0.002450000261887908 0.0002699999895412475 0.0 0.0 0.0 0.0
0.0024690001737326384 0.0002789999998640269 0.0 0.0 0.0 0.0
0.002474000211805105 0.0002849999873433262 0.0 0.0 0.0 0.0
0.0024759999942034483 0.00028899998869746923 0.0 0.0 0.0 0.0
0.002478000009432435 0.0002899999963119626 0.0 0.0 0.0 0.0
0.002450000261887908 0.00028399997972883284 0.0 0.0 0.0 0.0
0.0024070001672953367 0.00027399996179156005 0.0 0.0 0.0 0.0
0.0023700001183897257 0.00026599998818710446 0.0 0.0 0.0 0.0
0.002365000080317259 0.0002640000020619482 0.0 0.0 0.0 0.0
0.0023709998931735754 0.0002649999805726111 0.0 0.0 0.0 0.0
0.0023799999617040157 0.00026699999580159783 0.0 0.0 0.0 0.0
0.0023919998202472925 0.0002699999895412475 0.0 0.0 0.0 0.0
0.0023969998583197594 0.00027199997566640377 0.0 0.0 0.0 0.0
0.0024049999192357063 0.0002749999985098839 0.0 0.0 0.0 0.0
0.0024049999192357063 0.0002789999998640269 0.0 0.0 0.0 0.0
0.002400999888777733 0.0002809999859891832 0.0 0.0 0.0 0.0
0.002397000091150403 0.00028399997972883284 0.0 0.0 0.0 0.0
0.0023789999540895224 0.0002869999734684825 0.0 0.0 0.0 0.0
0.0023689998779445887 0.00028899998869746923 0.0 0.0 0.0 0.0
0.0023599998094141483 0.000291000003926456 0.0 0.0 0.0 0.0
0.0023799999617040157 0.00029299999005161226 0.0 0.0 0.0 0.0
0.002406999934464693 0.00029600001289509237 0.0 0.0 0.0 0.0
0.0024580000899732113 0.00029999998514540493 0.0 0.0 0.0 0.0
0.0025190000887960196 0.0003019999712705612 0.0 0.0 0.0 0.0
0.0025690000038594007 0.0003009999927598983 0.0 0.0 0.0 0.0
0.0026030000299215317 0.0002880000101868063 0.0 0.0 0.0 0.0
0.0026199999265372753 0.0002859999949578196 0.0 0.0 0.0 0.0
0.002621999941766262 0.0002800000074785203 0.0 0.0 0.0 0.0
0.002615999896079302 0.000278000021353364 9.999999974752427e-07 0.0 0.0 0.0
0.0025980002246797085 0.00027400001999922097 9.999999974752427e-07 0.0 0.0 0.0
0.002609000075608492 0.00027200000477023423 9.999999974752427e-07 0.0 0.0 0.0
0.002594000194221735 0.0002690000110305846 9.999999974752427e-07 0.0 0.0 0.0
0.0025840001180768013 0.0002670000249054283 9.999999974752427e-07 0.0 0.0 0.0
0.0025690002366900444 0.00026300002355128527 9.999999974752427e-07 0.0 0.0 0.0
0.002554000122472644 0.00025900002219714224 9.999999974752427e-07 0.0 0.0 0.0
0.0025350002106279135 0.00025599999935366213 0.0 0.0 0.0 0.0
0.0025090002454817295 0.0002519999979995191 0.0 0.0 0.0 0.0
0.002481000032275915 0.00024599998141638935 0.0 0.0 0.0 0.0
0.0024419999681413174 0.00023899998632259667 0.0 0.0 0.0 0.0
0.002410000190138817 0.00023199997667688876 0.0 0.0 0.0 0.0
0.002379000186920166 0.0002269999822601676 0.0 0.0 0.0 0.0
0.0023400001227855682 0.00022099998022895306 0.0 0.0 0.0 0.0
0.0022920002229511738 0.0002159999858122319 0.0 0.0 0.0 0.0
0.002242000075057149 0.00020999998378101736 0.0 0.0 0.0 0.0
0.0021869998890906572 0.0002049999893642962 0.0 0.0 0.0 0.0
0.0021260001230984926 0.0001979999797185883 0.0 0.0 0.0 0.0
0.0020550000481307507 0.00019199999223928899 0.0 0.0 0.0 0.0
0.0019870002288371325 0.00018599999020807445 0.0 0.0 0.0 0.0
0.001930000027641654 0.00017999998817685992 0.0 0.0 0.0 0.0
0.001865000114776194 0.00017199998546857387 0.0 0.0 0.0 0.0
0.001847000210545957 0.00016599999798927456 0.0 0.0 0.0 0.0
0.001834000227972865 0.0001599999814061448 0.0 0.0 0.0 0.0
0.0018520000157877803 0.0001539999939268455 0.0 0.0 0.0 0.0
0.001886000158265233 0.0001489999849582091 0.0 0.0 0.0 0.0
0.001917000045068562 0.00014699999883305281 0.0 0.0 0.0 0.0
0.0019480000482872128 0.0001429999974789098 0.0 0.0 0.0 0.0
0.001951000071130693 0.00014000000373926014 0.0 0.0 0.0 0.0
0.0019359999569132924 0.00013699999544769526 0.0 0.0 0.0 0.0
0.0019149999134242535 0.00013599998783320189 0.0 0.0 0.0 0.0
0.0018919999711215496 0.00013599998783320189 0.0 0.0 0.0 0.0
0.0018899999558925629 0.00013699998089578003 0.0 0.0 0.0 0.0
0.0018520000157877803 0.00013899998157285154 0.0 0.0 0.0 0.0
0.0018179999897256494 0.00013699998089578003 0.0 0.0 0.0 0.0
0.001782999956049025 0.0001379999885102734 0.0 0.0 0.0 0.0
0.0017509999452158809 0.00014099999680183828 0.0 0.0 0.0 0.0
0.0016629999736323953 9.700000373413786e-05 0.0 0.0 0.0 0.0
0.001572999986819923 6.100000246078707e-05 0.0 0.0 0.0 0.0
0.0014959999825805426 5.700000110664405e-05 0.0 0.0 0.0 0.0
0.0013970000436529517 5.200000305194408e-05 0.0 0.0 0.0 0.0
0.0012860001297667623 4.900000203633681e-05 0.0 0.0 0.0 0.0
0.0011579999700188637 4.400000034365803e-05 0.0 0.0 0.0 0.0
0.0010150001617148519 3.80000019504223e-05 0.0 0.0 0.0 0.0
0.0008619999280199409 3.199999991920777e-05 0.0 0.0 0.0 0.0
0.0007340000011026859 2.9000000722589903e-05 0.0 0.0 0.0 0.0
0.000632000039331615 2.600000152597204e-05 0.0 0.0 0.0 0.0
0.0005499999970197678 2.2000000171829015e-05 0.0 0.0 0.0 0.0
0.00048199997399933636 1.9999999494757503e-05 0.0 0.0 0.0 0.0
0.00043200000072829425 1.8000000636675395e-05 0.0 0.0 0.0 0.0
0.00039499998092651367 1.500000053056283e-05 0.0 0.0 0.0 0.0
0.0003629999700933695 1.4000000192027073e-05 0.0 0.0 0.0 0.0
0.00033900002017617226 1.2000000424450263e-05 0.0 0.0 0.0 0.0
0.00032099997042678297 1.1000000085914508e-05 0.0 0.0 0.0 0.0
0.0003020000003743917 1.0000000656873453e-05 0.0 0.0 0.0 0.0
0.0002879999519791454 9.000000318337698e-06 0.0 0.0 0.0 0.0
0.00027399996179156005 9.000000318337698e-06 0.0 0.0 0.0 0.0
0.00025899996398948133 7.999999979801942e-06 0.0 0.0 0.0 0.0
0.0002469999890308827 7.000000096013537e-06 0.0 0.0 0.0 0.0
0.00023299995518755168 5.999999757477781e-06 0.0 0.0 0.0 0.0
0.00022299998090602458 5.999999757477781e-06 0.0 0.0 0.0 0.0
0.00020899999071843922 4.999999873689376e-06 0.0 0.0 0.0 0.0
0.00019899998733308166 4.999999873689376e-06 0.0 0.0 0.0 0.0
0.0001849999971454963 3.999999989900971e-06 0.0 0.0 0.0 0.0
0.00016999999934341758 3.000000106112566e-06 0.0 0.0 0.0 0.0
0.0001539999939268455 3.000000106112566e-06 0.0 0.0 0.0 0.0
0.0001429999974789098 1.9999999949504854e-06 0.0 0.0 0.0 0.0
0.0001340000017080456 1.9999999949504854e-06 0.0 0.0 0.0 0.0
0.00012399999832268804 1.9999999949504854e-06 0.0 0.0 0.0 0.0
0.00011800000356743112 1.9999999949504854e-06 0.0 0.0 0.0 0.0
0.00011100001574959606 9.999999974752427e-07 0.0 0.0 0.0 0.0
0.00010400000610388815 9.999999974752427e-07 0.0 0.0 0.0 0.0
0.00010000000474974513 9.999999974752427e-07 0.0 0.0 0.0 0.0
9.800000407267362e-05 9.999999974752427e-07 0.0 0.0 0.0 0.0
9.699999645818025e-05 9.999999974752427e-07 0.0 0.0 0.0 0.0
9.500000305706635e-05 9.999999974752427e-07 0.0 0.0 0.0 0.0
9.500000305706635e-05 9.999999974752427e-07 0.0 0.0 0.0 0.0
9.200000204145908e-05 9.999999974752427e-07 0.0 0.0 0.0 0.0
9.200000204145908e-05 9.999999974752427e-07 0.0 0.0 0.0 0.0
9.000000136438757e-05 0.0 0.0 0.0 0.0 0.0
8.800000068731606e-05 0.0 0.0 0.0 0.0 0.0
8.800000068731606e-05 0.0 0.0 0.0 0.0 0.0
8.800000068731606e-05 0.0 0.0 0.0 0.0 0.0
8.800000068731606e-05 0.0 0.0 0.0 0.0 0.0
8.70000003487803e-05 0.0 0.0 0.0 0.0 0.0
8.700000762473792e-05 0.0 0.0 0.0 0.0 0.0
8.700000762473792e-05 0.0 0.0 0.0 0.0 0.0
8.600000001024455e-05 0.0 0.0 0.0 0.0 0.0
8.600000001024455e-05 0.0 0.0 0.0 0.0 0.0
8.600000001024455e-05 0.0 0.0 0.0 0.0 0.0
8.600000001024455e-05 0.0 0.0 0.0 0.0 0.0
8.70000003487803e-05 0.0 0.0 0.0 0.0 0.0
8.800000068731606e-05 0.0 0.0 0.0 0.0 0.0
