8.17 8.6 9.0 9.6 10.5
3.204472064971924 3.204472064971924 3.2044711112976074 3.204422950744629 2.1952919960021973
821.0328369140625 150.55499267578125 11.561031341552734 3.2527737617492676 2.2355289459228516
477.0094299316406 72.70618438720703 8.555469512939453 3.307651996612549 2.304611921310425
385.19317626953125 57.99161148071289 8.429018020629883 3.3913841247558594 2.3901138305664062
379.6715393066406 56.34727096557617 8.851109504699707 3.490973949432373 2.4861321449279785
410.0413513183594 55.0477294921875 8.932900428771973 3.5962038040161133 2.5861639976501465
431.3361511230469 52.57587814331055 7.398699760437012 3.7059690952301025 2.688230037689209
470.38018798828125 61.111968994140625 7.9691081047058105 3.829380989074707 2.7993760108947754
409.12603759765625 43.025474548339844 6.912875175476074 3.967449188232422 2.922023057937622
471.191650390625 45.36635208129883 6.282468795776367 4.116176128387451 3.053955078125
716.91748046875 83.67203521728516 9.358482360839844 4.310219764709473 3.229508876800537
887.5039672851562 98.56376647949219 11.17928409576416 4.566429138183594 3.4658830165863037
1034.5308837890625 121.15412902832031 14.691431045532227 4.622014045715332 3.506009101867676
1292.6142578125 160.19647216796875 18.499786376953125 4.725034713745117 3.597486972808838
1706.8636474609375 249.90823364257812 32.84210968017578 6.8554229736328125 5.684977054595947
2492.483642578125 470.5213928222656 67.42622375488281 5.856206893920898 3.8270580768585205
3810.703369140625 892.1212158203125 201.5972137451172 26.280805587768555 4.005520820617676
4525.78369140625 1231.2073974609375 300.73724365234375 65.13774108886719 4.2805023193359375
5650.587890625 1604.361572265625 384.1935119628906 49.79378890991211 5.132865905761719
8252.2490234375 2964.09130859375 1056.9671630859375 290.6384582519531 38.70457077026367
30528.68359375 17738.41796875 10910.8330078125 4472.21044921875 507.5508117675781
40068.53125 25003.091796875 16918.373046875 8050.8779296875 1652.84521484375
52146.14453125 31842.3515625 19883.80859375 9159.0537109375 1747.6343994140625
63088.9296875 42496.76171875 26620.740234375 11938.779296875 2479.583251953125
15324.4326171875 9767.49609375 7139.1298828125 4366.48046875 1174.940673828125
30064.705078125 20007.064453125 13545.49609375 7404.53662109375 1454.135009765625
51128.93359375 34565.89453125 22559.951171875 11379.8056640625 2904.446044921875
31319.99609375 19986.390625 14198.3447265625 9235.8779296875 2466.8232421875
36165.12890625 21762.7578125 14097.0947265625 7803.17529296875 1538.0399169921875
67120.8515625 35099.7421875 19889.80859375 8406.9365234375 1889.951171875
87815.890625 55375.3828125 34173.28515625 14154.513671875 2336.689208984375
86885.3359375 57925.23828125 39503.2421875 21643.0390625 5047.65869140625
85187.2421875 57758.75 40442.95703125 23299.873046875 5168.42919921875
103478.515625 74935.3515625 54450.546875 29658.73046875 6905.7119140625
102431.8046875 73806.2265625 51191.4609375 26304.10546875 7028.8544921875
101709.328125 73405.5078125 51115.0234375 25842.705078125 6647.568359375
97921.9609375 69279.6328125 47490.51171875 23834.125 5788.93798828125
111638.984375 75033.21875 48614.83984375 24456.599609375 7243.05712890625
90629.1875 61505.65625 43614.3046875 27740.923828125 9827.0888671875
71442.734375 46535.90234375 32534.455078125 20478.041015625 8002.8369140625
60722.3359375 36143.1953125 23648.517578125 14583.716796875 5832.6123046875
77317.4609375 46700.90625 29386.576171875 17238.751953125 6168.27880859375
110919.890625 71876.78125 44335.52734375 18693.16796875 5589.2431640625
110067.3671875 77009.3125 49298.2109375 23012.140625 7828.8017578125
80490.09375 55821.51953125 36997.3671875 19843.248046875 6041.2900390625
71553.6640625 49040.99609375 32153.19921875 16886.9296875 4454.2080078125
63981.640625 44072.14453125 29838.48046875 17531.759765625 6917.78076171875
59926.5625 42434.171875 29785.623046875 18643.990234375 7866.7900390625
78818.5234375 59354.953125 41504.6171875 21622.91015625 6100.66357421875
72857.0625 53999.16015625 33936.2890625 16709.376953125 5822.8994140625
44581.5859375 30823.462890625 19434.521484375 10705.4794921875 3565.05078125
28055.30859375 16883.98046875 9253.626953125 4310.291015625 885.8116455078125
19282.28125 10137.9501953125 4747.34033203125 1817.6905517578125 258.5239562988281
13097.1796875 5641.6162109375 2101.076171875 642.0612182617188 99.17989349365234
9009.037109375 3197.3720703125 961.0843505859375 242.6736602783203 55.23262023925781
6159.8154296875 1828.88623046875 448.89093017578125 90.45154571533203 16.398040771484375
4533.75732421875 1193.2125244140625 250.056396484375 44.63821792602539 8.513999938964844
3685.925537109375 911.6671752929688 182.1450653076172 30.38256072998047 7.628523349761963
2639.037841796875 588.704345703125 105.10023498535156 17.83241844177246 8.214679718017578
1942.302978515625 409.478515625 70.32621765136719 9.79509449005127 4.61330509185791
1472.8746337890625 297.5201416015625 50.77047348022461 6.655512809753418 3.688307762145996
1193.72216796875 233.42897033691406 40.04690933227539 5.413001537322998 3.3803210258483887
1010.2391357421875 198.18280029296875 34.071205139160156 4.747592449188232 3.1609721183776855
823.612060546875 165.56524658203125 27.180885314941406 4.3772125244140625 2.994943857192993
727.8184204101562 146.31101989746094 23.212383270263672 4.049677848815918 2.7813329696655273
736.5325317382812 171.00192260742188 46.96748733520508 3.7974629402160645 2.59537410736084
490.6015625 90.51893615722656 18.685739517211914 3.6810100078582764 2.5349111557006836
300.1289978027344 49.594932556152344 10.283169746398926 3.4493041038513184 2.3654088973999023
237.48492431640625 37.718814849853516 8.119080543518066 3.2657227516174316 2.23599910736084
245.08619689941406 35.44350814819336 6.968271255493164 3.1264488697052 2.1342480182647705
313.2904357910156 42.6365966796875 9.92530632019043 3.048736333847046 2.088118076324463
302.5716247558594 35.15818786621094 5.995928764343262 2.9975879192352295 2.06339693069458
196.58001708984375 24.331584930419922 4.669578552246094 2.8873140811920166 1.9787180423736572
168.67604064941406 21.022218704223633 4.132038116455078 2.628941774368286 1.7362370491027832
161.61898803710938 19.055561065673828 3.9533581733703613 2.5612330436706543 1.6833269596099854
112.84256744384766 16.108800888061523 3.737499713897705 2.5032718181610107 1.6415729522705078
89.39683532714844 14.313008308410645 3.351163148880005 2.3409368991851807 1.491621971130371
78.5655517578125 13.053635597229004 3.1628055572509766 2.2901039123535156 1.447849988937378
71.59432983398438 11.851140022277832 3.03867506980896 2.096827268600464 1.2592511177062988
64.4605484008789 10.841187477111816 2.934562921524048 1.9700300693511963 1.1373289823532104
56.606590270996094 9.793519020080566 2.8404431343078613 1.9702430963516235 1.1430690288543701
37.26432418823242 7.894928455352783 2.4406487941741943 1.9104481935501099 1.0898460149765015
33.80131530761719 7.221904754638672 2.3589327335357666 1.856134057044983 1.041903018951416
38.56693649291992 7.354529857635498 2.5126953125 1.8391900062561035 1.0272560119628906
33.29883575439453 6.5806050300598145 2.386298179626465 1.779803991317749 0.9699739813804626
30.204740524291992 6.01439905166626 2.250945806503296 1.7187440395355225 0.9263049960136414
26.983327865600586 5.3349609375 2.111994743347168 1.6461530923843384 0.8729280233383179
24.332195281982422 4.507214546203613 1.816114902496338 1.4457908868789673 0.6974039673805237
22.618000030517578 3.961467981338501 1.6386809349060059 1.3329719305038452 0.6380350589752197
20.02651023864746 3.468942403793335 1.4242310523986816 1.1232529878616333 0.4787920117378235
16.266010284423828 3.033270835876465 1.2542412281036377 0.9341010451316833 0.3456120193004608
12.350653648376465 2.5289149284362793 1.108137845993042 0.8144710659980774 0.24355900287628174
12.424956321716309 2.5280306339263916 1.1984199285507202 0.7600629925727844 0.2345159947872162
13.60195541381836 2.430079936981201 1.174875020980835 0.6344429850578308 0.1256989985704422
16.142213821411133 2.268435001373291 1.1447550058364868 0.5705639719963074 0.12040799856185913
11.8192777633667 2.141369342803955 1.1280370950698853 0.5134660005569458 0.09957700222730637
10.949870109558105 2.1067378520965576 1.1868829727172852 0.49538201093673706 0.09806299954652786
10.29641342163086 2.039923906326294 1.2217060327529907 0.4530949890613556 0.08933798968791962
9.63775634765625 1.9112504720687866 1.197007179260254 0.42221599817276 0.0825209990143776
8.728826522827148 1.7654197216033936 1.1341218948364258 0.3943049907684326 0.08029500395059586
7.623857498168945 1.6319811344146729 1.0759960412979126 0.3680579662322998 0.076944999396801
6.686975002288818 1.4754122495651245 1.0021909475326538 0.34800300002098083 0.07349400222301483
5.923910140991211 1.2924422025680542 0.9000788927078247 0.31797999143600464 0.06860600411891937
4.971035480499268 1.082021951675415 0.7723399996757507 0.2807379961013794 0.06687399744987488
4.007941722869873 0.9158220291137695 0.6904469728469849 0.2550930082798004 0.05990299955010414
3.32765793800354 0.739794909954071 0.5668419003486633 0.22942198812961578 0.054996002465486526
2.9220194816589355 0.6298750638961792 0.48247504234313965 0.2123750001192093 0.053206998854875565
2.4963228702545166 0.5287410020828247 0.40936902165412903 0.16698600351810455 0.0259770005941391
2.178293228149414 0.47146299481391907 0.3760819733142853 0.15484599769115448 0.02452000044286251
1.917845368385315 0.41746896505355835 0.3411630094051361 0.14009401202201843 0.021017000079154968
1.710713505744934 0.3732840120792389 0.3119890093803406 0.12575499713420868 0.014967000111937523
1.5777722597122192 0.3445430397987366 0.2949129641056061 0.11894199252128601 0.013226000592112541
1.4586067199707031 0.3073210120201111 0.2679220139980316 0.10886700451374054 0.010197000578045845
1.3146907091140747 0.26715001463890076 0.23566500842571259 0.09880400449037552 0.009735999628901482
1.1760625839233398 0.2312629669904709 0.20600998401641846 0.0923909991979599 0.009591999463737011
1.0542899370193481 0.1973390132188797 0.17683301866054535 0.08630800247192383 0.009430000558495522
0.9049062132835388 0.16675500571727753 0.15022099018096924 0.08266899734735489 0.009254000149667263
0.7395021319389343 0.13683798909187317 0.12425299733877182 0.07751799374818802 0.009064000099897385
0.6388380527496338 0.11168600618839264 0.10222600400447845 0.07287400215864182 0.008857999928295612
0.5763280391693115 0.09731100499629974 0.08933799713850021 0.06732200086116791 0.008635000325739384
0.5335521697998047 0.08617500215768814 0.07882899791002274 0.06068100035190582 0.006509999744594097
0.5863741636276245 0.0747850090265274 0.0679830014705658 0.056008003652095795 0.004482000134885311
0.6903969645500183 0.06668800115585327 0.060575999319553375 0.05242199823260307 0.004131000023335218
1.2131131887435913 0.3719920217990875 0.17532698810100555 0.17493799328804016 0.0020810000132769346
0.5743100643157959 0.051917996257543564 0.046887997537851334 0.04269099608063698 0.0003110000106971711
0.5033550262451172 0.04674999415874481 0.04225800186395645 0.03926900029182434 0.0001610000035725534
0.4434410333633423 0.04253599792718887 0.03856800124049187 0.03634500131011009 0.0
0.39348304271698 0.037758998572826385 0.03420700132846832 0.0325389988720417 0.0
0.3774280846118927 0.03465700149536133 0.03119800053536892 0.02964800037443638 0.0
0.37917906045913696 0.03247900307178497 0.028919000178575516 0.027173999696969986 0.0
0.3804750144481659 0.0305510014295578 0.02691500075161457 0.025005999952554703 0.0
0.36832210421562195 0.02844099886715412 0.02486399933695793 0.02311900071799755 0.0
0.3407420217990875 0.025721000507473946 0.022384000942111015 0.021085001528263092 0.0
0.3188370168209076 0.02349500171840191 0.02030400186777115 0.019267000257968903 0.0
0.3005239963531494 0.021417999640107155 0.01832900010049343 0.01746400073170662 0.0
0.282459020614624 0.019126001745462418 0.016116000711917877 0.015396000817418098 0.0
0.2655470371246338 0.017741000279784203 0.014825000427663326 0.01421399973332882 0.0
0.2528040111064911 0.015915000811219215 0.013195999898016453 0.012676000595092773 0.0
0.23610201478004456 0.01428299956023693 0.01171799935400486 0.011288999579846859 0.0
0.21823298931121826 0.012880999594926834 0.010405000299215317 0.010040000081062317 0.0
0.19983598589897156 0.011652999557554722 0.0092569999396801 0.008954999968409538 0.0
0.1846040040254593 0.01045799907296896 0.008162999525666237 0.007906999439001083 0.0
0.17075200378894806 0.009399999864399433 0.007135000079870224 0.0069240001030266285 0.0
0.1581290066242218 0.008479000069200993 0.006289000157266855 0.006111000198870897 0.0
0.1494559943675995 0.007727999705821276 0.005733999889343977 0.005547999870032072 0.0
0.14098501205444336 0.007024999707937241 0.005156000144779682 0.004961000289767981 0.0
0.1319829821586609 0.006529000122100115 0.004648000001907349 0.004455000162124634 0.0
0.11834099888801575 0.0060789999552071095 0.004098000004887581 0.003955000080168247 0.0
0.10843999683856964 0.005553999915719032 0.0036490000784397125 0.003519000019878149 0.0
0.09508799016475677 0.004872999619692564 0.0031399999279528856 0.0030449999030679464 0.0
0.08088597655296326 0.004292000085115433 0.0027389999013394117 0.00267699989490211 0.0
0.07002799212932587 0.003835000330582261 0.0024040001444518566 0.0023610000498592854 0.0
0.06454899162054062 0.003478000173345208 0.0021100000012665987 0.0020759999752044678 0.0
0.059696998447179794 0.003173000179231167 0.0018189999973401427 0.001787999994121492 0.0
0.05510300025343895 0.003034000052139163 0.0016700000269338489 0.0016370000084862113 0.0
0.051972996443510056 0.002865999937057495 0.0015010000206530094 0.0014649999793618917 0.0
0.047951992601156235 0.002652999944984913 0.0013059999328106642 0.0012669999850913882 0.0
0.04558199644088745 0.002434000140056014 0.0011020000092685223 0.0010610000463202596 0.0
0.043533992022275925 0.0022780001163482666 0.0009609999833628535 0.0009190000128000975 0.0
0.041364993900060654 0.0021200000774115324 0.0008300000336021185 0.0007880000048317015 0.0
0.039473991841077805 0.0019910000264644623 0.000737000023946166 0.0006960000027902424 0.0
0.037289999425411224 0.0018999999156221747 0.0006709999870508909 0.0006309999735094607 0.0
0.035450998693704605 0.001841000048443675 0.0006319999811239541 0.0005949999904260039 0.0
0.03337999805808067 0.0017380000790581107 0.0005510000046342611 0.0005169999785721302 0.0
0.03104100003838539 0.0016530000139027834 0.0004910000134259462 0.00046099998871795833 0.0
0.028410999104380608 0.0015450000064447522 0.00040800002170726657 0.00038400001358240843 0.0
0.0255070012062788 0.0014560000272467732 0.000354000017978251 0.0003370000049471855 0.0
0.023422999307513237 0.0013930000131949782 0.0003129999968223274 0.0003009999927598983 0.0
0.0214300025254488 0.0013479999033734202 0.0002969999914057553 0.00028899998869746923 0.0
0.019315999001264572 0.0012789999600499868 0.0002610000083222985 0.00025599999935366213 0.0
0.01749500073492527 0.0012400000123307109 0.00024099998699966818 0.00023799999326001853 0.0
0.015318000689148903 0.0011810000287368894 0.00021399999968707561 0.0002119999990100041 0.0
0.013150000013411045 0.0011180000146850944 0.00019199999223928899 0.00019099999917671084 0.0
0.011490998789668083 0.001062000053934753 0.00016399999731220305 0.00016399999731220305 0.0
0.009919999167323112 0.0010170000605285168 0.00013800000306218863 0.00013800000306218863 0.0
0.008841999806463718 0.0010480000637471676 0.00011899999663000926 0.00011899999663000926 0.0
0.007967999204993248 0.0010359999723732471 0.00011600000289035961 0.00011600000289035961 0.0
0.0073640001937747 0.0009399999980814755 0.00010800000018207356 0.00010800000018207356 0.0
0.00684799998998642 0.0008650000090710819 0.00010099999781232327 0.00010099999781232327 0.0
0.006408000364899635 0.0008110000053420663 8.600000001024455e-05 8.600000001024455e-05 0.0
0.006128999870270491 0.0007749999640509486 6.70000008540228e-05 6.70000008540228e-05 0.0
0.005907000508159399 0.0007569999434053898 6.0999998822808266e-05 6.0999998822808266e-05 0.0
0.005667999852448702 0.000737000023946166 5.6000000768108293e-05 5.6000000768108293e-05 0.0
0.005397000350058079 0.0007150000310502946 5.500000042957254e-05 5.500000042957254e-05 0.0
0.0050940001383423805 0.0006890000076964498 5.199999941396527e-05 5.199999941396527e-05 0.0
0.004782000090926886 0.0006670000148005784 4.999999873689376e-05 4.999999873689376e-05 0.0
0.004520000424236059 0.0006460000295192003 4.600000102072954e-05 4.600000102072954e-05 0.0
0.004296000115573406 0.0006290000164881349 4.099999932805076e-05 4.099999932805076e-05 0.0
0.004104000050574541 0.0006240000366233289 3.7000001611886546e-05 3.7000001611886546e-05 0.0
0.004011999815702438 0.000649999943561852 3.600000127335079e-05 3.600000127335079e-05 0.0
0.003955999854952097 0.0006719999946653843 3.199999991920777e-05 3.199999991920777e-05 0.0
0.0039010001346468925 0.0006559999892488122 3.199999991920777e-05 3.199999991920777e-05 0.0
0.003871000139042735 0.0006399999838322401 2.8000000384054147e-05 2.8000000384054147e-05 0.0
0.003850000211969018 0.0006330000469461083 2.5999999706982635e-05 2.5999999706982635e-05 0.0
0.00441900035366416 0.0006370000191964209 2.300000051036477e-05 2.300000051036477e-05 0.0
0.0037940002512186766 0.0006150000263005495 1.4999999621068127e-05 1.4999999621068127e-05 0.0
0.0038350000977516174 0.0006189999985508621 1.4999999621068127e-05 1.4999999621068127e-05 0.0
0.003847000189125538 0.0006179999909363687 1.2999999853491317e-05 1.2999999853491317e-05 0.0
0.003869000356644392 0.000623999978415668 1.2999999853491317e-05 1.2999999853491317e-05 0.0
0.004002999980002642 0.0007230000337585807 9.999999747378752e-06 9.999999747378752e-06 0.0
0.004228999838232994 0.0008720000041648746 9.999999747378752e-06 9.999999747378752e-06 0.0
0.004396000411361456 0.000678999989759177 7.000000096013537e-06 7.000000096013537e-06 0.0
0.004385000094771385 0.0006569999968633056 4.999999873689376e-06 4.999999873689376e-06 0.0
0.0046689994633197784 0.0006679999642074108 4.999999873689376e-06 4.999999873689376e-06 0.0
0.004994000308215618 0.0006890000076964498 3.000000106112566e-06 3.000000106112566e-06 0.0
0.00455200020223856 0.0006180000491440296 3.000000106112566e-06 3.000000106112566e-06 0.0
0.004985000006854534 0.0006500000017695129 3.000000106112566e-06 3.000000106112566e-06 0.0
0.004908000119030476 0.0006100000464357436 3.000000106112566e-06 3.000000106112566e-06 0.0
0.005555000156164169 0.0006360000115819275 3.000000106112566e-06 3.000000106112566e-06 0.0
0.006376999896019697 0.0006680000224150717 3.000000106112566e-06 3.000000106112566e-06 0.0
0.006762999575585127 0.0006690000300295651 3.000000106112566e-06 3.000000106112566e-06 0.0
0.00686099985614419 0.0006520000169984996 3.000000106112566e-06 3.000000106112566e-06 0.0
0.006813999731093645 0.0006270000012591481 1.9999999949504854e-06 1.9999999949504854e-06 0.0
0.006194999907165766 0.0005680000176653266 1.9999999949504854e-06 1.9999999949504854e-06 0.0
0.0068270000629127026 0.0005940000410191715 9.999999974752427e-07 9.999999974752427e-07 0.0
0.006609000265598297 0.0005639999872073531 9.999999974752427e-07 9.999999974752427e-07 0.0
0.007201999891549349 0.0005799999926239252 9.999999974752427e-07 9.999999974752427e-07 0.0
0.007624000310897827 0.000577000027988106 0.0 0.0 0.0
0.007872000336647034 0.0005440000095404685 0.0 0.0 0.0
0.00784400012344122 0.000493000028654933 0.0 0.0 0.0
0.007958999834954739 0.0004889999981969595 0.0 0.0 0.0
0.00814600009471178 0.0004970000009052455 0.0 0.0 0.0
0.00794300064444542 0.0005019999807700515 0.0 0.0 0.0
0.007807999849319458 0.00048499999684281647 0.0 0.0 0.0
0.007906000129878521 0.0004760000156238675 0.0 0.0 0.0
0.007962999865412712 0.00046999999904073775 0.0 0.0 0.0
0.008306999690830708 0.0004820000031031668 0.0 0.0 0.0
0.008456999436020851 0.0004920000210404396 0.0 0.0 0.0
0.008508000522851944 0.0004920000210404396 0.0 0.0 0.0
0.008534999564290047 0.00048499999684281647 0.0 0.0 0.0
0.008538000285625458 0.00047500000800937414 0.0 0.0 0.0
0.008561999537050724 0.0004659999976865947 0.0 0.0 0.0
0.008686000481247902 0.0004619999963324517 0.0 0.0 0.0
0.00875600054860115 0.00045700001646764576 0.0 0.0 0.0
0.008953999727964401 0.0004579999949783087 0.0 0.0 0.0
0.008933000266551971 0.000450999999884516 0.0 0.0 0.0
0.009208000265061855 0.0004600000102072954 0.0 0.0 0.0
0.009403999894857407 0.0004670000053010881 0.0 0.0 0.0
0.009360999800264835 0.0004659999976865947 0.0 0.0 0.0
0.00934200081974268 0.0004650000191759318 0.0 0.0 0.0
0.009294000454246998 0.0004610000178217888 0.0 0.0 0.0
0.009411999955773354 0.0004650000191759318 0.0 0.0 0.0
0.009562000632286072 0.00046999999904073775 0.0 0.0 0.0
0.009611998684704304 0.00047400000039488077 0.0 0.0 0.0
0.009643000550568104 0.00047900000936351717 0.0 0.0 0.0
0.009816999547183514 0.0004910000134259462 0.0 0.0 0.0
0.010319001041352749 0.0005210000090301037 0.0 0.0 0.0
0.010209999978542328 0.0005169999785721302 0.0 0.0 0.0
0.009697000496089458 0.000493000028654933 0.0 0.0 0.0
0.009232000447809696 0.00046999999904073775 0.0 0.0 0.0
0.008520000614225864 0.00043000001460313797 0.0 0.0 0.0
0.00838400050997734 0.00038899999344721437 0.0 0.0 0.0
0.01033800095319748 0.0003650000144261867 0.0 0.0 0.0
0.018432999029755592 0.0003429999924264848 0.0 0.0 0.0
0.0280659981071949 0.0003370000049471855 0.0 0.0 0.0
0.04201999679207802 0.0003319999959785491 0.0 0.0 0.0
0.029715998098254204 0.0003459999861661345 0.0 0.0 0.0
0.03712599352002144 0.0003420000139158219 0.0 0.0 0.0
0.04625999554991722 0.0003380000125616789 0.0 0.0 0.0
0.05706799402832985 0.00033599999733269215 0.0 0.0 0.0
0.06861799210309982 0.00033599999733269215 0.0 0.0 0.0
0.07952100038528442 0.0003380000125616789 0.0 0.0 0.0
0.08733600378036499 0.00034699999378062785 0.0 0.0 0.0
0.11243199557065964 0.00036100001307204366 0.0 0.0 0.0
0.1719769984483719 0.00037799999699927866 0.0 0.0 0.0
0.30309903621673584 0.00039400000241585076 0.0 0.0 0.0
0.5110660791397095 0.0004349999944679439 0.0 0.0 0.0
0.8242530226707458 0.0004560000088531524 0.0 0.0 0.0
1.2075748443603516 0.0004820000031031668 0.0 0.0 0.0
1.4134401082992554 0.0005080000264570117 0.0 0.0 0.0
1.478271722793579 0.0005380000220611691 0.0 0.0 0.0
1.2900649309158325 0.0005639999872073531 0.0 0.0 0.0
1.0137250423431396 0.0005910000181756914 0.0 0.0 0.0
0.710783064365387 0.0006150000263005495 0.0 0.0 0.0
0.47123613953590393 0.000645000021904707 0.0 0.0 0.0
0.2740000784397125 0.0006750000175088644 0.0 0.0 0.0
0.045052990317344666 0.0007530000293627381 0.0 0.0 0.0
0.034140996634960175 0.0007770000374875963 0.0 0.0 0.0
0.04603799432516098 0.0007949999999254942 0.0 0.0 0.0
0.08465800434350967 0.0008140000281855464 0.0 0.0 0.0
0.1577339619398117 0.0008350000134669244 0.0 0.0 0.0
0.26996806263923645 0.0008640000014565885 0.0 0.0 0.0
0.41509807109832764 0.0008980000275187194 0.0 0.0 0.0
0.5762931108474731 0.0009350000182166696 0.0 0.0 0.0
0.7257770299911499 0.0009699999936856329 0.0 0.0 0.0
0.8446309566497803 0.0010049999691545963 0.0 0.0 0.0
0.7389929890632629 0.0011480000102892518 0.0 0.0 0.0
0.02933499775826931 0.004021999891847372 0.0 0.0 0.0
0.5055371522903442 0.0012379999971017241 0.0 0.0 0.0
0.3601279854774475 0.0012940000742673874 0.0 0.0 0.0
0.255575031042099 0.001361000002361834 0.0 0.0 0.0
0.20314796268939972 0.0014519999967887998 0.0 0.0 0.0
0.18061602115631104 0.001524000079371035 0.0 0.0 0.0
0.18564097583293915 0.0016290000639855862 0.0 0.0 0.0
0.20453496277332306 0.0017530000768601894 0.0 0.0 0.0
0.23410797119140625 0.0019050000701099634 0.0 0.0 0.0
0.36678311228752136 0.00241199997253716 0.0 0.0 0.0
0.41676419973373413 0.002689999993890524 0.0 0.0 0.0
0.4746931195259094 0.003073000116273761 0.0 0.0 0.0
0.5320771336555481 0.003480000188574195 0.0 0.0 0.0
0.5837782025337219 0.0038120001554489136 0.0 0.0 0.0
0.6540922522544861 0.004650999326258898 0.0 0.0 0.0
0.707034170627594 0.005483999382704496 0.0 0.0 0.0
0.756648063659668 0.006657000165432692 0.0 0.0 0.0
0.8021690845489502 0.008074000477790833 0.0 0.0 0.0
0.8524053692817688 0.009794999845325947 0.0 0.0 0.0
1.1133280992507935 0.013163000345230103 0.0 0.0 0.0
1.1976619958877563 0.01472100056707859 0.0 0.0 0.0
1.286622166633606 0.01646599732339382 0.0 0.0 0.0
1.3624800443649292 0.018042000010609627 0.0 0.0 0.0
1.4054862260818481 0.019363000988960266 0.0 0.0 0.0
1.403130292892456 0.02049200050532818 0.0 0.0 0.0
1.3056451082229614 0.01996299996972084 0.0 0.0 0.0
1.293107271194458 0.023141000419855118 0.0 0.0 0.0
1.211276888847351 0.02451700158417225 0.0 0.0 0.0
1.1720829010009766 0.027918001636862755 0.0 0.0 0.0
1.3020262718200684 0.03787899389863014 0.0 0.0 0.0
1.2698514461517334 0.042789995670318604 0.0 0.0 0.0
1.2303513288497925 0.045958004891872406 0.0 0.0 0.0
1.1997970342636108 0.04820200055837631 0.0 0.0 0.0
1.1758465766906738 0.05032999813556671 0.0 0.0 0.0
1.1527382135391235 0.05186999961733818 0.0 0.0 0.0
1.092061996459961 0.04966500774025917 0.0 0.0 0.0
1.0945274829864502 0.05108100548386574 0.0 0.0 0.0
1.1510732173919678 0.05803699791431427 0.0 0.0 0.0
1.1897252798080444 0.06030599772930145 0.0 0.0 0.0
1.632453441619873 0.07759899646043777 0.0 0.0 0.0
1.7568180561065674 0.0856739953160286 0.0 0.0 0.0
1.8826208114624023 0.09471897780895233 0.0 0.0 0.0
1.9305453300476074 0.10005399584770203 0.0 0.0 0.0
1.9549440145492554 0.10653799772262573 9.999999974752427e-07 0.0 0.0
2.0333571434020996 0.11655200272798538 9.999999974752427e-07 0.0 0.0
2.085012674331665 0.12391900271177292 1.9999999949504854e-06 0.0 0.0
2.228712797164917 0.1349479854106903 3.000000106112566e-06 0.0 0.0
2.4140079021453857 0.14606596529483795 4.999999873689376e-06 0.0 0.0
2.6528475284576416 0.15857698023319244 7.999999979801942e-06 0.0 0.0
3.5050160884857178 0.204818993806839 1.100000099540921e-05 0.0 0.0
3.5405282974243164 0.22642096877098083 1.4000001101521775e-05 0.0 0.0
3.4461352825164795 0.24968400597572327 1.5000001440057531e-05 0.0 0.0
3.302274703979492 0.27492398023605347 1.700000029813964e-05 0.0 0.0
3.1605100631713867 0.30323296785354614 2.0000001313746907e-05 0.0 0.0
3.0485270023345947 0.33677104115486145 2.099999983329326e-05 0.0 0.0
3.0389275550842285 0.3831130862236023 2.2000000171829015e-05 0.0 0.0
3.0275661945343018 0.4296560287475586 2.4000000848900527e-05 0.0 0.0
3.088883638381958 0.48679405450820923 2.7000001864507794e-05 0.0 0.0
3.1102471351623535 0.5335730314254761 3.099999958067201e-05 0.0 0.0
3.380629062652588 0.7000270485877991 6.399999983841553e-05 0.0 0.0
3.4010605812072754 0.7284612059593201 8.399999933317304e-05 0.0 0.0
3.4846789836883545 0.763399064540863 0.00011600000289035961 0.0 0.0
3.517934560775757 0.7791059017181396 0.00016199999663513154 0.0 0.0
3.613811731338501 0.8044429421424866 0.00023299999884329736 0.0 0.0
3.7237260341644287 0.8326890468597412 0.00032599997939541936 0.0 0.0
3.89853572845459 0.8770869374275208 0.00045200000749900937 0.0 0.0
4.045422077178955 0.9156742095947266 0.0006020000437274575 0.0 0.0
4.273492336273193 0.9704340696334839 0.0007939999923110008 0.0 0.0
4.44126558303833 1.0100370645523071 0.0010110000148415565 0.0 0.0
4.326591968536377 0.9802159070968628 0.002076999982818961 0.0 0.0
4.477049827575684 0.9963771104812622 0.002587999915704131 0.0 0.0
4.543656826019287 0.9886412024497986 0.0031759999692440033 0.0 0.0
4.6377458572387695 0.9803981184959412 0.003911999519914389 0.0 0.0
4.769528865814209 0.969817042350769 0.004816999658942223 0.0 0.0
4.935488224029541 0.9570531845092773 0.005911999847739935 0.0 0.0
5.109348297119141 0.9338369965553284 0.0071209995076060295 0.0 0.0
5.325094699859619 0.9137270450592041 0.008566000498831272 0.0 0.0
5.5935258865356445 0.9012420177459717 0.010245000943541527 0.0 0.0
5.8977131843566895 0.8944500088691711 0.012129999697208405 0.0 0.0
5.958438396453857 0.8394430875778198 0.020426001399755478 0.0 0.0
6.390439510345459 0.8622522950172424 0.02391199953854084 0.0 0.0
6.886627197265625 0.8981221318244934 0.02828199975192547 0.0 0.0
7.4339985847473145 0.9393650889396667 0.03304499760270119 0.0 0.0
8.006719589233398 0.9850279092788696 0.038690000772476196 0.0 0.0
8.542354583740234 1.013166069984436 0.04341199994087219 0.0 0.0
9.159026145935059 1.055785059928894 0.04930800199508667 0.0 0.0
9.73774528503418 1.074177622795105 0.053335003554821014 0.0 0.0
10.533406257629395 1.1289812326431274 0.05938899889588356 0.0 0.0
11.370476722717285 1.1750671863555908 0.06444399803876877 0.0 0.0
12.272852897644043 1.3682705163955688 0.08400999754667282 0.0 0.0
13.021434783935547 1.3645225763320923 0.08504299819469452 0.0 0.0
13.514609336853027 1.3775384426116943 0.09102699905633926 0.0 0.0
13.894145011901855 1.3341777324676514 0.09061499685049057 0.0 0.0
14.298504829406738 1.365698218345642 0.09874499589204788 0.0 0.0
13.844038009643555 1.2887176275253296 0.09879699349403381 0.0 0.0
12.936707496643066 1.2198903560638428 0.10007700324058533 0.0 0.0
11.334480285644531 1.1000181436538696 0.09205300360918045 0.0 0.0
9.921841621398926 1.0047569274902344 0.07954700291156769 9.999999974752427e-07 0.0
9.105788230895996 0.9222912192344666 0.06557399779558182 9.999999974752427e-07 0.0
8.488372802734375 0.8796800971031189 0.06476298719644547 3.999999989900971e-06 0.0
8.584586143493652 0.8716491460800171 0.06724900007247925 6.000000212225132e-06 0.0
8.796976089477539 0.8930374383926392 0.07323099672794342 7.999999979801942e-06 0.0
9.083525657653809 0.9406972527503967 0.08204498887062073 1.1000000085914508e-05 0.0
9.422198295593262 1.01099693775177 0.09304498881101608 1.4000000192027073e-05 0.0
9.768423080444336 1.0915420055389404 0.1047699972987175 1.700000029813964e-05 0.0
10.122841835021973 1.1807599067687988 0.11865099519491196 2.099999983329326e-05 0.0
10.434747695922852 1.265677809715271 0.1345449984073639 2.499999936844688e-05 0.0
10.738253593444824 1.3484671115875244 0.15340299904346466 2.9999999242136255e-05 0.0
11.008298873901367 1.4211605787277222 0.17618300020694733 3.400000059627928e-05 0.0
11.339104652404785 1.7407244443893433 0.22054098546504974 3.899999865097925e-05 0.0
11.601936340332031 1.8123806715011597 0.25367504358291626 4.199999966658652e-05 0.0
11.900988578796387 1.8931100368499756 0.29066699743270874 4.600000102072954e-05 0.0
12.24356746673584 1.9934736490249634 0.3301970064640045 4.8999998398358e-05 0.0
12.666511535644531 2.1303048133850098 0.3713400065898895 5.199999941396527e-05 0.0
2.988372564315796 0.5900340676307678 0.0005409999866969883 0.0 0.0
13.95949649810791 2.5846781730651855 0.453311026096344 2.700000004551839e-05 0.0
14.94036865234375 2.932276725769043 0.4955650269985199 3.000000106112566e-06 0.0
16.106882095336914 3.3315656185150146 0.5369110107421875 9.999999974752427e-07 0.0
17.258256912231445 3.6870791912078857 0.5728180408477783 9.999999974752427e-07 0.0
17.433570861816406 3.450390338897705 0.5560329556465149 1.9999999949504854e-06 0.0
18.138431549072266 3.4923815727233887 0.5585079789161682 4.999999873689376e-06 0.0
18.6684513092041 3.4818804264068604 0.5452240109443665 5.999999757477781e-06 0.0
19.013391494750977 3.436784029006958 0.517926037311554 7.000000096013537e-06 0.0
19.242752075195312 3.37868070602417 0.47934505343437195 9.000000318337698e-06 0.0
19.402294158935547 3.3239850997924805 0.4342159926891327 9.999999747378752e-06 0.0
19.529449462890625 3.2851085662841797 0.3877210319042206 9.999999747378752e-06 0.0
19.657617568969727 3.268444538116455 0.3417680561542511 1.1000000085914508e-05 0.0
19.777860641479492 3.2721846103668213 0.30018502473831177 1.1000000085914508e-05 0.0
19.888629913330078 3.2962310314178467 0.26448503136634827 1.2000000424450263e-05 0.0
20.66916847229004 3.6466503143310547 0.2026040107011795 1.500000053056283e-05 0.0
20.802169799804688 3.673823118209839 0.18660499155521393 1.5999999959603883e-05 0.0
20.899660110473633 3.6969149112701416 0.17525199055671692 1.900000097521115e-05 0.0
20.950336456298828 3.7041494846343994 0.16783998906612396 2.099999983329326e-05 0.0
20.93720054626465 3.6947646141052246 0.1649179905653 2.4000000848900527e-05 0.0
20.80181312561035 3.673931121826172 0.1676749885082245 2.8000000384054147e-05 0.0
20.56566047668457 3.615767478942871 0.17365500330924988 2.9999999242136255e-05 0.0
20.142566680908203 3.5581717491149902 0.18720199167728424 3.400000059627928e-05 0.0
19.672260284423828 3.474609613418579 0.20405198633670807 3.7000001611886546e-05 0.0
19.18378257751465 3.388253927230835 0.22562500834465027 4.099999932805076e-05 0.0
18.961105346679688 3.3963258266448975 0.3113020360469818 6.800000119255856e-05 0.0
18.59597396850586 3.3089404106140137 0.3446899950504303 7.300000288523734e-05 0.0
18.326297760009766 3.232478141784668 0.3800719976425171 7.999999797903001e-05 0.0
18.116680145263672 3.1634271144866943 0.41655802726745605 9.000000136438757e-05 0.0
17.96927833557129 3.102538585662842 0.4537390470504761 0.00010399999882793054 0.0
17.855562210083008 3.0440850257873535 0.49002906680107117 0.00012200000492157415 0.0
17.784080505371094 2.9939322471618652 0.5273250341415405 0.0001429999974789098 0.0
17.738462448120117 2.9482262134552 0.5651290416717529 0.00016599999798927456 0.0
17.782350540161133 2.9300146102905273 0.6104680895805359 0.00019700000120792538 0.0
17.826133728027344 2.9147446155548096 0.6588790416717529 0.0002229999954579398 0.0
17.19659423828125 2.72194504737854 0.7070540189743042 0.00023999999393709004 0.0
16.817296981811523 2.5778086185455322 0.6988459229469299 0.00021399999968707561 0.0
16.587711334228516 2.4892075061798096 0.7071409821510315 0.00021100000594742596 0.0
16.66472053527832 2.4971909523010254 0.7547950148582458 0.00024399999529123306 0.0
16.27588653564453 2.3780617713928223 0.7431739568710327 0.00022899999748915434 0.0
16.059526443481445 2.318006992340088 0.752953052520752 0.0002410000015515834 0.0
15.881450653076172 2.2730185985565186 0.7658670544624329 0.0002570000069681555 0.0
15.665816307067871 2.225067615509033 0.7717270851135254 0.0002800000074785203 0.0
15.358477592468262 2.1535327434539795 0.7602521181106567 0.00029399999766610563 0.0
14.964095115661621 2.0630569458007812 0.7324570417404175 0.0003000000142492354 0.0
13.409990310668945 1.6566096544265747 0.523635983467102 0.00029600001289509237 0.0
12.86577033996582 1.5581486225128174 0.4783409833908081 0.0002849999873433262 0.0
12.297325134277344 1.4639571905136108 0.4324830174446106 0.00027299998328089714 0.0
11.705554008483887 1.3723548650741577 0.3864760398864746 0.0002579999854788184 0.0
11.020893096923828 1.2709081172943115 0.335394024848938 0.00022899999748915434 0.0
10.286224365234375 1.1676642894744873 0.2847460210323334 0.00020099998801015317 0.0
9.67703628540039 1.0905821323394775 0.24722900986671448 0.0001900000061141327 0.0
9.102343559265137 1.0219831466674805 0.21455597877502441 0.00018199998885393143 0.0
8.468633651733398 0.9412781596183777 0.17972499132156372 0.0001610000035725534 0.0
7.93372917175293 0.8796161413192749 0.15329699218273163 0.00014999999257270247 0.0
6.259708404541016 0.675881028175354 0.07802599668502808 0.000115999995614402 0.0
5.837808132171631 0.6398440003395081 0.06570398807525635 0.00010900000052060932 0.0
5.4727091789245605 0.6112140417098999 0.05579599738121033 0.0001049999991664663 0.0
5.093000411987305 0.5818740725517273 0.04664799943566322 9.800000407267362e-05 0.0
4.763366222381592 0.5601639747619629 0.03931199759244919 9.40000027185306e-05 0.0
4.452085018157959 0.5409120917320251 0.032993003726005554 9.100000170292333e-05 0.0
4.162083148956299 0.5232079029083252 0.027652999386191368 8.89999937498942e-05 0.0
3.8899426460266113 0.5050359964370728 0.023048998787999153 8.900000102585182e-05 0.0
3.649120569229126 0.4906769394874573 0.0193060003221035 8.900000102585182e-05 0.0
3.4219837188720703 0.47584596276283264 0.01613999903202057 8.800000068731606e-05 0.0
2.472355604171753 0.37278202176094055 0.007090999744832516 8.099999831756577e-05 0.0
2.3302907943725586 0.3610079884529114 0.005969000514596701 8.299999899463728e-05 0.0
2.204793691635132 0.3499029576778412 0.005061999894678593 8.50000069476664e-05 0.0
2.1042251586914062 0.34170499444007874 0.004337999504059553 8.900000102585182e-05 0.0
2.0196728706359863 0.33498498797416687 0.0037299999967217445 9.200000204145908e-05 0.0
1.9675896167755127 0.333249032497406 0.0033060002606362104 9.900000441120937e-05 0.0
1.9318288564682007 0.33167901635169983 0.0029349999967962503 0.00010599999950500205 0.0
1.9245857000350952 0.33355602622032166 0.0026889999862760305 0.0001140000022132881 0.0
1.943081259727478 0.3378070294857025 0.0025019999593496323 0.00012499999138526618 0.0
1.994537591934204 0.3455919623374939 0.0024139999877661467 0.0001379999885102734 0.0
1.5373001098632812 0.2815280258655548 0.0012120000319555402 0.0001429999974789098 0.0
1.6294704675674438 0.2960660755634308 0.0012439999263733625 0.00015500000154133886 0.0
1.75301194190979 0.3154450058937073 0.001307999948039651 0.00016399999731220305 0.0
1.9052084684371948 0.33871299028396606 0.0014150000642985106 0.00018400000408291817 0.0
2.0725419521331787 0.36349600553512573 0.0015219999477267265 0.00019799999427050352 0.0
2.274198293685913 0.3938559889793396 0.0016850000247359276 0.00022600000374950469 0.0
2.48551869392395 0.4250500202178955 0.0018469999777153134 0.000248999975156039 0.0
2.712003469467163 0.45779797434806824 0.0020290000829845667 0.00028399997972883284 0.0
2.9576761722564697 0.492902010679245 0.002224000170826912 0.00031999999191612005 0.0
3.2497944831848145 0.5312899947166443 0.0024190000258386135 0.00035999997635371983 0.0
2.6948800086975098 0.4697980582714081 0.0016950001008808613 0.0003819999983534217 0.0
3.0134146213531494 0.5119989514350891 0.0020030001178383827 0.00043200000072829425 0.0
3.343564987182617 0.553026020526886 0.0022750000935047865 0.00048000001697801054 0.0
3.64907169342041 0.5910350680351257 0.002505999756976962 0.0005210000090301037 0.0
3.91294527053833 0.6246711611747742 0.0027830000035464764 0.0005530000198632479 0.0
4.158830165863037 0.6581770181655884 0.003246000036597252 0.0005830000154674053 0.0
4.398731708526611 0.6910629868507385 0.004020000342279673 0.000547999981790781 0.0
4.653946399688721 0.7226181030273438 0.005571000277996063 0.0004070000140927732 0.0
4.949714183807373 0.7522870302200317 0.009247999638319016 0.000375000003259629 0.0
5.320311546325684 0.7802360653877258 0.018140997737646103 0.0002519999979995191 0.0
4.206892967224121 0.6475289463996887 0.021229000762104988 0.0001849999971454963 0.0
4.624380588531494 0.6712960004806519 0.04684299975633621 9.899999713525176e-05 0.0
5.168406963348389 0.7119750380516052 0.09983999282121658 9.500000305706635e-05 0.0
5.77689790725708 0.8041999936103821 0.18886998295783997 1.1000000085914508e-05 0.0
6.4308247566223145 0.9557600617408752 0.31940799951553345 7.999999979801942e-06 0.0
7.045804023742676 1.1673319339752197 0.4996799826622009 6.000000212225132e-06 0.0
7.621796607971191 1.449267864227295 0.7492290735244751 6.000000212225132e-06 0.0
8.166007995605469 1.7982765436172485 1.070854902267456 6.000000212225132e-06 0.0
8.770649909973145 2.2429821491241455 1.48465895652771 7.000000096013537e-06 0.0
9.387263298034668 2.682501792907715 1.8862478733062744 7.000000096013537e-06 0.0
5.730944633483887 0.9716220498085022 0.36195603013038635 9.999999747378752e-06 0.0
5.841419696807861 1.0147570371627808 0.3757399618625641 1.2000000424450263e-05 0.0
5.9395551681518555 1.0189051628112793 0.3394479751586914 1.4999999621068127e-05 0.0
6.0039801597595215 1.001054048538208 0.2735479474067688 1.700000029813964e-05 0.0
6.065258026123047 0.9851381778717041 0.20177198946475983 1.8999999156221747e-05 0.0
6.103323936462402 0.9892261028289795 0.15076099336147308 2.099999983329326e-05 0.0
6.066633701324463 0.9981900453567505 0.11528200656175613 2.2000000171829015e-05 0.0
5.995796203613281 1.0121278762817383 0.09103599935770035 2.300000051036477e-05 0.0
5.864841938018799 1.0321972370147705 0.07936699688434601 2.4000000848900527e-05 0.0
5.68509578704834 1.0463261604309082 0.06841699779033661 1.9999999494757503e-05 0.0
3.88736629486084 0.7277501225471497 0.0034310000482946634 6.000000212225132e-06 0.0
3.7780814170837402 0.7480190396308899 0.0028639999218285084 3.000000106112566e-06 0.0
3.6985297203063965 0.7722479701042175 0.002426000079140067 0.0 0.0
3.6348259449005127 0.797933042049408 0.002073999959975481 0.0 0.0
3.599358558654785 0.8255191445350647 0.0018220000201836228 0.0 0.0
3.570218324661255 0.8450639247894287 0.0015969999367371202 0.0 0.0
3.5480401515960693 0.8596110343933105 0.0013840000610798597 0.0 0.0
3.5534403324127197 0.8761758804321289 0.0011790000135079026 0.0 0.0
3.5806267261505127 0.8975310921669006 0.0009740000241436064 0.0 0.0
3.6433143615722656 0.9356799721717834 0.0007869999972172081 0.0 0.0
2.7524726390838623 0.7735830545425415 2.700000004551839e-05 0.0 0.0
2.702500820159912 0.7745831608772278 1.700000029813964e-05 0.0 0.0
2.688370704650879 0.7958841323852539 1.2000000424450263e-05 0.0 0.0
2.6436054706573486 0.8037320375442505 7.999999979801942e-06 0.0 0.0
2.588217258453369 0.8081650137901306 4.999999873689376e-06 0.0 0.0
2.5361762046813965 0.8163649439811707 3.999999989900971e-06 0.0 0.0
2.483659267425537 0.8273398876190186 3.000000106112566e-06 0.0 0.0
2.4500820636749268 0.8534040451049805 9.999999974752427e-07 0.0 0.0
2.4111297130584717 0.8798789978027344 0.0 0.0 0.0
2.3728179931640625 0.9056410789489746 0.0 0.0 0.0
1.8700944185256958 0.7946920990943909 0.0 0.0 0.0
1.853498935699463 0.8145139813423157 0.0 0.0 0.0
1.8388596773147583 0.8291471600532532 0.0 0.0 0.0
1.8283987045288086 0.8382441997528076 0.0 0.0 0.0
1.8275837898254395 0.8482520580291748 0.0 0.0 0.0
1.8289732933044434 0.8526650667190552 0.0 0.0 0.0
1.8340660333633423 0.8517440557479858 0.0 0.0 0.0
1.8389841318130493 0.8469341397285461 0.0 0.0 0.0
1.847718358039856 0.8390750288963318 0.0 0.0 0.0
1.8462274074554443 0.8275401592254639 0.0 0.0 0.0
1.3846321105957031 0.650520920753479 0.0 0.0 0.0
1.344864010810852 0.627877950668335 0.0 0.0 0.0
1.2846438884735107 0.6030400395393372 0.0 0.0 0.0
1.2011767625808716 0.5733259916305542 0.0 0.0 0.0
1.1053540706634521 0.5406830906867981 0.0 0.0 0.0
1.0038361549377441 0.5070171356201172 0.0 0.0 0.0
0.9027663469314575 0.47142302989959717 0.0 0.0 0.0
0.8105491399765015 0.4365810453891754 0.0 0.0 0.0
0.7270150780677795 0.40210098028182983 0.0 0.0 0.0
0.6484681963920593 0.3653680682182312 0.0 0.0 0.0
0.42006605863571167 0.2413409799337387 0.0 0.0 0.0
0.37185704708099365 0.21484600007534027 0.0 0.0 0.0
0.3276211619377136 0.18962599337100983 0.0 0.0 0.0
0.2874300479888916 0.16620199382305145 0.0 0.0 0.0
0.2506609559059143 0.1443769931793213 0.0 0.0 0.0
0.21780195832252502 0.1246279925107956 0.0 0.0 0.0
0.18809103965759277 0.10665499418973923 0.0 0.0 0.0
0.16136397421360016 0.09047999978065491 0.0 0.0 0.0
0.13781900703907013 0.07631300389766693 0.0 0.0 0.0
0.11749698221683502 0.06414500623941422 0.0 0.0 0.0
0.06843399256467819 0.03469500318169594 0.0 0.0 0.0
0.058399997651576996 0.02878899872303009 0.0 0.0 0.0
0.05033599212765694 0.0239579975605011 0.0 0.0 0.0
0.04356498271226883 0.019830001518130302 0.0 0.0 0.0
0.03768400475382805 0.01620900072157383 0.0 0.0 0.0
0.03241300210356712 0.013045999221503735 0.0 0.0 0.0
0.027636002749204636 0.010249999351799488 0.0 0.0 0.0
0.023372003808617592 0.007876000367105007 0.0 0.0 0.0
0.01964999921619892 0.005934999790042639 0.0 0.0 0.0
0.01641399972140789 0.004377999808639288 0.0 0.0 0.0
0.00952799990773201 0.0017849999712780118 0.0 0.0 0.0
0.007990000769495964 0.0012839999981224537 0.0 0.0 0.0
0.006789999548345804 0.0009480000007897615 0.0 0.0 0.0
0.005871000234037638 0.000720999960321933 0.0 0.0 0.0
0.005145000293850899 0.000560999964363873 0.0 0.0 0.0
0.004520999733358622 0.0004349999944679439 0.0 0.0 0.0
0.003985999617725611 0.0003360000264365226 9.999999974752427e-07 0.0 0.0
0.0035359999164938927 0.00026099997921846807 3.000000106112566e-06 0.0 0.0
0.0031560000497847795 0.00020599999697878957 7.000000096013537e-06 0.0 0.0
0.002835999708622694 0.00016900000628083944 1.5999999959603883e-05 0.0 0.0
0.0018660000059753656 7.299999560927972e-05 1.4000000192027073e-05 0.0 0.0
0.0016880000475794077 6.800000119255856e-05 2.300000051036477e-05 0.0 0.0
0.001538999960757792 6.900000153109431e-05 3.5000000934815034e-05 0.0 0.0
0.001411000033840537 7.400000322377309e-05 4.8000001697801054e-05 0.0 0.0
0.0012959999730810523 8.099999831756577e-05 6.0999998822808266e-05 0.0 0.0
0.0012029999634250998 8.70000003487803e-05 7.100000220816582e-05 0.0 0.0
0.0011139999842271209 8.800000068731606e-05 7.500000356230885e-05 0.0 0.0
0.001025000005029142 8.199999865610152e-05 7.200000254670158e-05 0.0 0.0
0.0009580000187270343 7.500000356230885e-05 6.70000008540228e-05 0.0 0.0
0.0009059999720193446 6.70000008540228e-05 5.999999848427251e-05 0.0 0.0
0.000598000013269484 2.099999983329326e-05 1.8999999156221747e-05 0.0 0.0
0.0005759999621659517 1.8000000636675395e-05 1.5999999959603883e-05 0.0 0.0
0.0005629999795928597 1.700000029813964e-05 1.4999999621068127e-05 0.0 0.0
0.0005589999491348863 1.5999999959603883e-05 1.4000000192027073e-05 0.0 0.0
0.0005530000198632479 1.4999999621068127e-05 1.2999999853491317e-05 0.0 0.0
0.0005550000350922346 1.4999999621068127e-05 1.2999999853491317e-05 0.0 0.0
0.0005629999795928597 1.4999999621068127e-05 1.2999999853491317e-05 0.0 0.0
0.0005789999850094318 1.700000029813964e-05 1.4000000192027073e-05 0.0 0.0
0.0006050000083632767 1.799999881768599e-05 1.4999999621068127e-05 0.0 0.0
0.0006339999963529408 1.9999999494757503e-05 1.700000029813964e-05 0.0 0.0
0.00046800001291558146 9.000000318337698e-06 7.000000096013537e-06 0.0 0.0
0.000501000031363219 1.2000000424450263e-05 9.000000318337698e-06 0.0 0.0
0.0005380000220611691 1.4000000192027073e-05 1.1000000085914508e-05 0.0 0.0
0.0005810000002384186 1.8999999156221747e-05 1.4999999621068127e-05 0.0 0.0
0.0006189999403432012 2.3999999029911123e-05 1.8999999156221747e-05 0.0 0.0
0.000678999989759177 3.300000025774352e-05 2.700000004551839e-05 0.0 0.0
0.0007449999684467912 4.5000000682193786e-05 3.7000001611886546e-05 0.0 0.0
0.0008190000080503523 6.199999916134402e-05 5.199999941396527e-05 0.0 0.0
0.0009020000579766929 8.50000069476664e-05 7.200000254670158e-05 0.0 0.0
0.0009939998853951693 0.000115999995614402 9.899999713525176e-05 0.0 0.0
0.0007169999880716205 5.500000042957254e-05 4.5000000682193786e-05 0.0 0.0
0.0007729999488219619 7.199999527074397e-05 5.999999848427251e-05 0.0 0.0
0.0008299999753944576 9.199999476550147e-05 7.699999696342275e-05 0.0 0.0
0.0008889999589882791 0.000115999995614402 9.7999996796716e-05 0.0 0.0
0.0009439999703317881 0.00014099999680183828 0.00011999999696854502 0.0 0.0
0.0009999999310821295 0.00017099999240599573 0.0001449999981559813 0.0 0.0
0.0010470000561326742 0.0001990000018849969 0.00016900000628083944 0.0 0.0
0.0010889999102801085 0.00022899999748915434 0.00019299999985378236 0.0 0.0
0.0011180000146850944 0.0002550000208429992 0.00021300000662449747 0.0 0.0
0.0011390000581741333 0.0002789999998640269 0.00022899999748915434 0.0 0.0
0.0007020000484772027 0.00011000000085914508 8.600000001024455e-05 0.0 0.0
0.0006890000076964498 0.00011600000289035961 8.800000068731606e-05 0.0 0.0
0.0006670000148005784 0.00011700000322889537 8.70000003487803e-05 0.0 0.0
0.0006380000268109143 0.000115999995614402 8.299999899463728e-05 0.0 0.0
0.0006030000513419509 0.00011300000187475234 7.79999973019585e-05 0.0 0.0
0.0005610000225715339 0.00010800000745803118 7.100000220816582e-05 0.0 0.0
0.0005130000063218176 0.00010000000474974513 6.199999916134402e-05 0.0 0.0
0.0004650000191759318 9.200000204145908e-05 5.2999999752501026e-05 0.0 0.0
0.0004130000015720725 8.199999865610152e-05 4.400000034365803e-05 0.0 0.0
0.0003600000054575503 7.100000220816582e-05 3.5000000934815034e-05 0.0 0.0
0.0001939999929163605 2.4000000848900527e-05 9.999999747378752e-06 0.0 0.0
0.0001649999903747812 1.9999999494757503e-05 7.999999979801942e-06 0.0 0.0
0.00013899999612476677 1.700000029813964e-05 6.000000212225132e-06 0.0 0.0
0.00011300000187475234 1.2000000424450263e-05 3.999999989900971e-06 0.0 0.0
9.300000237999484e-05 9.999999747378752e-06 3.000000106112566e-06 0.0 0.0
7.60000039008446e-05 6.999999641266186e-06 1.9999999949504854e-06 0.0 0.0
6.0999998822808266e-05 4.999999873689376e-06 9.999999974752427e-07 0.0 0.0
4.999999873689376e-05 3.999999989900971e-06 9.999999974752427e-07 0.0 0.0
3.7999998312443495e-05 3.000000106112566e-06 9.999999974752427e-07 0.0 0.0
3.000000106112566e-05 1.9999999949504854e-06 0.0 0.0 0.0
1.4000000192027073e-05 0.0 0.0 0.0 0.0
1.1000000085914508e-05 0.0 0.0 0.0 0.0
7.999999979801942e-06 0.0 0.0 0.0 0.0
4.999999873689376e-06 0.0 0.0 0.0 0.0
3.999999989900971e-06 0.0 0.0 0.0 0.0
3.000000106112566e-06 0.0 0.0 0.0 0.0
3.000000106112566e-06 0.0 0.0 0.0 0.0
1.9999999949504854e-06 0.0 0.0 0.0 0.0
1.9999999949504854e-06 0.0 0.0 0.0 0.0
9.999999974752427e-07 0.0 0.0 0.0 0.0
0.0 0.0 0.0 0.0 0.0
0.0 0.0 0.0 0.0 0.0
0.0 0.0 0.0 0.0 0.0
0.0 0.0 0.0 0.0 0.0
0.0 0.0 0.0 0.0 0.0
0.0 0.0 0.0 0.0 0.0
0.0 0.0 0.0 0.0 0.0
0.0 0.0 0.0 0.0 0.0
0.0 0.0 0.0 0.0 0.0
0.0 0.0 0.0 0.0 0.0
0.0 0.0 0.0 0.0 0.0
0.0 0.0 0.0 0.0 0.0
0.0 0.0 0.0 0.0 0.0
0.0 0.0 0.0 0.0 0.0
0.0 0.0 0.0 0.0 0.0
0.0 0.0 0.0 0.0 0.0
0.0 0.0 0.0 0.0 0.0
0.0 0.0 0.0 0.0 0.0
0.0 0.0 0.0 0.0 0.0
0.0 0.0 0.0 0.0 0.0
0.0 0.0 0.0 0.0 0.0
0.0 0.0 0.0 0.0 0.0
0.0 0.0 0.0 0.0 0.0
0.0 0.0 0.0 0.0 0.0
0.0 0.0 0.0 0.0 0.0
0.0 0.0 0.0 0.0 0.0
0.0 0.0 0.0 0.0 0.0
0.0 0.0 0.0 0.0 0.0
0.0 0.0 0.0 0.0 0.0
0.0 0.0 0.0 0.0 0.0
0.0 0.0 0.0 0.0 0.0
0.0 0.0 0.0 0.0 0.0
0.0 0.0 0.0 0.0 0.0
0.0 0.0 0.0 0.0 0.0
0.0 0.0 0.0 0.0 0.0
0.0 0.0 0.0 0.0 0.0
0.0 0.0 0.0 0.0 0.0
0.0 0.0 0.0 0.0 0.0
0.0 0.0 0.0 0.0 0.0
0.0 0.0 0.0 0.0 0.0
0.0 0.0 0.0 0.0 0.0
0.0 0.0 0.0 0.0 0.0
0.0 0.0 0.0 0.0 0.0
0.0 0.0 0.0 0.0 0.0
0.0 0.0 0.0 0.0 0.0
0.0 0.0 0.0 0.0 0.0
0.0 0.0 0.0 0.0 0.0
0.0 0.0 0.0 0.0 0.0
0.0 0.0 0.0 0.0 0.0
0.0 0.0 0.0 0.0 0.0
0.0 0.0 0.0 0.0 0.0
0.0 0.0 0.0 0.0 0.0
0.0 0.0 0.0 0.0 0.0
0.0 0.0 0.0 0.0 0.0
0.0 0.0 0.0 0.0 0.0
0.0 0.0 0.0 0.0 0.0
0.0 0.0 0.0 0.0 0.0
0.0 0.0 0.0 0.0 0.0
0.0 0.0 0.0 0.0 0.0
0.0 0.0 0.0 0.0 0.0
0.0 0.0 0.0 0.0 0.0
0.0 0.0 0.0 0.0 0.0
0.0 0.0 0.0 0.0 0.0
0.0 0.0 0.0 0.0 0.0
0.0 0.0 0.0 0.0 0.0
0.0 0.0 0.0 0.0 0.0
0.0 0.0 0.0 0.0 0.0
0.0 0.0 0.0 0.0 0.0
0.0 0.0 0.0 0.0 0.0
9.999999974752427e-07 9.999999974752427e-07 0.0 0.0 0.0
0.0 0.0 0.0 0.0 0.0
9.999999974752427e-07 9.999999974752427e-07 0.0 0.0 0.0
9.999999974752427e-07 9.999999974752427e-07 0.0 0.0 0.0
9.999999974752427e-07 9.999999974752427e-07 0.0 0.0 0.0
9.999999974752427e-07 9.999999974752427e-07 0.0 0.0 0.0
9.999999974752427e-07 9.999999974752427e-07 0.0 0.0 0.0
9.999999974752427e-07 9.999999974752427e-07 0.0 0.0 0.0
9.999999974752427e-07 9.999999974752427e-07 0.0 0.0 0.0
9.999999974752427e-07 9.999999974752427e-07 0.0 0.0 0.0
9.999999974752427e-07 9.999999974752427e-07 0.0 0.0 0.0
9.999999974752427e-07 9.999999974752427e-07 0.0 0.0 0.0
9.999999974752427e-07 9.999999974752427e-07 0.0 0.0 0.0
9.999999974752427e-07 9.999999974752427e-07 0.0 0.0 0.0
9.999999974752427e-07 9.999999974752427e-07 0.0 0.0 0.0
9.999999974752427e-07 9.999999974752427e-07 0.0 0.0 0.0
9.999999974752427e-07 9.999999974752427e-07 0.0 0.0 0.0
9.999999974752427e-07 9.999999974752427e-07 0.0 0.0 0.0
9.999999974752427e-07 9.999999974752427e-07 0.0 0.0 0.0
9.999999974752427e-07 9.999999974752427e-07 0.0 0.0 0.0
9.999999974752427e-07 9.999999974752427e-07 0.0 0.0 0.0
0.0 0.0 0.0 0.0 0.0
0.0 0.0 0.0 0.0 0.0
0.0 0.0 0.0 0.0 0.0
0.0 0.0 0.0 0.0 0.0
0.0 0.0 0.0 0.0 0.0
0.0 0.0 0.0 0.0 0.0
0.0 0.0 0.0 0.0 0.0
0.0 0.0 0.0 0.0 0.0
0.0 0.0 0.0 0.0 0.0
0.0 0.0 0.0 0.0 0.0
0.0 0.0 0.0 0.0 0.0
0.0 0.0 0.0 0.0 0.0
0.0 0.0 0.0 0.0 0.0
0.0 0.0 0.0 0.0 0.0
0.0 0.0 0.0 0.0 0.0
0.0 0.0 0.0 0.0 0.0
0.0 0.0 0.0 0.0 0.0
0.0 0.0 0.0 0.0 0.0
0.0 0.0 0.0 0.0 0.0
0.0 0.0 0.0 0.0 0.0
0.0 0.0 0.0 0.0 0.0
0.0 0.0 0.0 0.0 0.0
0.0 0.0 0.0 0.0 0.0
0.0 0.0 0.0 0.0 0.0
0.0 0.0 0.0 0.0 0.0
0.0 0.0 0.0 0.0 0.0
0.0 0.0 0.0 0.0 0.0
0.0 0.0 0.0 0.0 0.0
0.0 0.0 0.0 0.0 0.0
0.0 0.0 0.0 0.0 0.0
0.0 0.0 0.0 0.0 0.0
0.0 0.0 0.0 0.0 0.0
0.0 0.0 0.0 0.0 0.0
0.0 0.0 0.0 0.0 0.0
0.0 0.0 0.0 0.0 0.0
0.0 0.0 0.0 0.0 0.0
0.0 0.0 0.0 0.0 0.0
0.0 0.0 0.0 0.0 0.0
0.0 0.0 0.0 0.0 0.0
0.0 0.0 0.0 0.0 0.0
0.0 0.0 0.0 0.0 0.0
0.0 0.0 0.0 0.0 0.0
0.0 0.0 0.0 0.0 0.0
0.0 0.0 0.0 0.0 0.0
0.0 0.0 0.0 0.0 0.0
0.0 0.0 0.0 0.0 0.0
0.0 0.0 0.0 0.0 0.0
0.0 0.0 0.0 0.0 0.0
0.0 0.0 0.0 0.0 0.0
0.0 0.0 0.0 0.0 0.0
0.0 0.0 0.0 0.0 0.0
0.0 0.0 0.0 0.0 0.0
0.0 0.0 0.0 0.0 0.0
0.0 0.0 0.0 0.0 0.0
0.0 0.0 0.0 0.0 0.0
0.0 0.0 0.0 0.0 0.0
0.0 0.0 0.0 0.0 0.0
0.0 0.0 0.0 0.0 0.0
0.0 0.0 0.0 0.0 0.0
0.0 0.0 0.0 0.0 0.0
0.0 0.0 0.0 0.0 0.0
0.0 0.0 0.0 0.0 0.0
0.0 0.0 0.0 0.0 0.0
0.0 0.0 0.0 0.0 0.0
0.0 0.0 0.0 0.0 0.0
0.0 0.0 0.0 0.0 0.0
0.0 0.0 0.0 0.0 0.0
0.0 0.0 0.0 0.0 0.0
0.0 0.0 0.0 0.0 0.0
0.0 0.0 0.0 0.0 0.0
0.0 0.0 0.0 0.0 0.0
0.0 0.0 0.0 0.0 0.0
0.0 0.0 0.0 0.0 0.0
0.0 0.0 0.0 0.0 0.0
0.0 0.0 0.0 0.0 0.0
0.0 0.0 0.0 0.0 0.0
0.0 0.0 0.0 0.0 0.0
0.0 0.0 0.0 0.0 0.0
0.0 0.0 0.0 0.0 0.0
0.0 0.0 0.0 0.0 0.0
0.0 0.0 0.0 0.0 0.0
0.0 0.0 0.0 0.0 0.0
0.0 0.0 0.0 0.0 0.0
0.0 0.0 0.0 0.0 0.0
0.0 0.0 0.0 0.0 0.0
0.0 0.0 0.0 0.0 0.0
0.0 0.0 0.0 0.0 0.0
0.0 0.0 0.0 0.0 0.0
0.0 0.0 0.0 0.0 0.0
0.0 0.0 0.0 0.0 0.0
0.0 0.0 0.0 0.0 0.0
0.0 0.0 0.0 0.0 0.0
0.0 0.0 0.0 0.0 0.0
0.0 0.0 0.0 0.0 0.0
0.0 0.0 0.0 0.0 0.0
0.0 0.0 0.0 0.0 0.0
0.0 0.0 0.0 0.0 0.0
0.0 0.0 0.0 0.0 0.0
0.0 0.0 0.0 0.0 0.0
0.0 0.0 0.0 0.0 0.0
0.0 0.0 0.0 0.0 0.0
0.0 0.0 0.0 0.0 0.0
0.0 0.0 0.0 0.0 0.0
0.0 0.0 0.0 0.0 0.0
0.0 0.0 0.0 0.0 0.0
0.0 0.0 0.0 0.0 0.0
0.0 0.0 0.0 0.0 0.0
0.0 0.0 0.0 0.0 0.0
0.0 0.0 0.0 0.0 0.0
0.0 0.0 0.0 0.0 0.0
0.0 0.0 0.0 0.0 0.0
0.0 0.0 0.0 0.0 0.0
0.0 0.0 0.0 0.0 0.0
0.0 0.0 0.0 0.0 0.0
0.0 0.0 0.0 0.0 0.0
0.0 0.0 0.0 0.0 0.0
0.0 0.0 0.0 0.0 0.0
0.0 0.0 0.0 0.0 0.0
0.0 0.0 0.0 0.0 0.0
0.0 0.0 0.0 0.0 0.0
0.0 0.0 0.0 0.0 0.0
0.0 0.0 0.0 0.0 0.0
0.0 0.0 0.0 0.0 0.0
0.0 0.0 0.0 0.0 0.0
0.0 0.0 0.0 0.0 0.0
0.0 0.0 0.0 0.0 0.0
0.0 0.0 0.0 0.0 0.0
0.0 0.0 0.0 0.0 0.0
0.0 0.0 0.0 0.0 0.0
0.0 0.0 0.0 0.0 0.0
0.0 0.0 0.0 0.0 0.0
0.0 0.0 0.0 0.0 0.0
0.0 0.0 0.0 0.0 0.0
0.0 0.0 0.0 0.0 0.0
0.0 0.0 0.0 0.0 0.0
0.0 0.0 0.0 0.0 0.0
0.0 0.0 0.0 0.0 0.0
0.0 0.0 0.0 0.0 0.0
0.0 0.0 0.0 0.0 0.0
0.0 0.0 0.0 0.0 0.0
0.0 0.0 0.0 0.0 0.0
0.0 0.0 0.0 0.0 0.0
0.0 0.0 0.0 0.0 0.0
0.0 0.0 0.0 0.0 0.0
0.0 0.0 0.0 0.0 0.0
0.0 0.0 0.0 0.0 0.0
0.0 0.0 0.0 0.0 0.0
0.0 0.0 0.0 0.0 0.0
0.0 0.0 0.0 0.0 0.0
0.0 0.0 0.0 0.0 0.0
0.0 0.0 0.0 0.0 0.0
0.0 0.0 0.0 0.0 0.0
0.0 0.0 0.0 0.0 0.0
0.0 0.0 0.0 0.0 0.0
0.0 0.0 0.0 0.0 0.0
0.0 0.0 0.0 0.0 0.0
0.0 0.0 0.0 0.0 0.0
0.0 0.0 0.0 0.0 0.0
0.0 0.0 0.0 0.0 0.0
0.0 0.0 0.0 0.0 0.0
0.0 0.0 0.0 0.0 0.0
0.0 0.0 0.0 0.0 0.0
0.0 0.0 0.0 0.0 0.0
0.0 0.0 0.0 0.0 0.0
0.0 0.0 0.0 0.0 0.0
0.0 0.0 0.0 0.0 0.0
0.0 0.0 0.0 0.0 0.0
0.0 0.0 0.0 0.0 0.0
0.0 0.0 0.0 0.0 0.0
0.0 0.0 0.0 0.0 0.0
0.0 0.0 0.0 0.0 0.0
0.0 0.0 0.0 0.0 0.0
0.0 0.0 0.0 0.0 0.0
0.0 0.0 0.0 0.0 0.0
0.0 0.0 0.0 0.0 0.0
0.0 0.0 0.0 0.0 0.0
0.0 0.0 0.0 0.0 0.0
0.0 0.0 0.0 0.0 0.0
0.0 0.0 0.0 0.0 0.0
0.0 0.0 0.0 0.0 0.0
0.0 0.0 0.0 0.0 0.0
0.0 0.0 0.0 0.0 0.0
0.0 0.0 0.0 0.0 0.0
0.0 0.0 0.0 0.0 0.0
0.0 0.0 0.0 0.0 0.0
0.0 0.0 0.0 0.0 0.0
0.0 0.0 0.0 0.0 0.0
0.0 0.0 0.0 0.0 0.0
0.0 0.0 0.0 0.0 0.0
0.0 0.0 0.0 0.0 0.0
0.0 0.0 0.0 0.0 0.0
0.0 0.0 0.0 0.0 0.0
0.0 0.0 0.0 0.0 0.0
0.0 0.0 0.0 0.0 0.0
0.0 0.0 0.0 0.0 0.0
0.0 0.0 0.0 0.0 0.0
0.0 0.0 0.0 0.0 0.0
0.0 0.0 0.0 0.0 0.0
0.0 0.0 0.0 0.0 0.0
0.0 0.0 0.0 0.0 0.0
0.0 0.0 0.0 0.0 0.0
0.0 0.0 0.0 0.0 0.0
0.0 0.0 0.0 0.0 0.0
0.0 0.0 0.0 0.0 0.0
0.0 0.0 0.0 0.0 0.0
0.0 0.0 0.0 0.0 0.0
0.0 0.0 0.0 0.0 0.0
0.0 0.0 0.0 0.0 0.0
0.0 0.0 0.0 0.0 0.0
0.0 0.0 0.0 0.0 0.0
0.0 0.0 0.0 0.0 0.0
0.0 0.0 0.0 0.0 0.0
0.0 0.0 0.0 0.0 0.0
0.0 0.0 0.0 0.0 0.0
0.0 0.0 0.0 0.0 0.0
0.0 0.0 0.0 0.0 0.0
0.0 0.0 0.0 0.0 0.0
0.0 0.0 0.0 0.0 0.0
0.0 0.0 0.0 0.0 0.0
0.0 0.0 0.0 0.0 0.0
0.0 0.0 0.0 0.0 0.0
0.0 0.0 0.0 0.0 0.0
0.0 0.0 0.0 0.0 0.0
0.0 0.0 0.0 0.0 0.0
0.0 0.0 0.0 0.0 0.0
0.0 0.0 0.0 0.0 0.0
0.0 0.0 0.0 0.0 0.0
0.0 0.0 0.0 0.0 0.0
0.0 0.0 0.0 0.0 0.0
0.0 0.0 0.0 0.0 0.0
0.0 0.0 0.0 0.0 0.0
0.0 0.0 0.0 0.0 0.0
0.0 0.0 0.0 0.0 0.0
0.0 0.0 0.0 0.0 0.0
0.0 0.0 0.0 0.0 0.0
0.0 0.0 0.0 0.0 0.0
0.0 0.0 0.0 0.0 0.0
0.0 0.0 0.0 0.0 0.0
0.0 0.0 0.0 0.0 0.0
0.0 0.0 0.0 0.0 0.0
0.0 0.0 0.0 0.0 0.0
0.0 0.0 0.0 0.0 0.0
0.0 0.0 0.0 0.0 0.0
0.0 0.0 0.0 0.0 0.0
0.0 0.0 0.0 0.0 0.0
0.0 0.0 0.0 0.0 0.0
0.0 0.0 0.0 0.0 0.0
0.0 0.0 0.0 0.0 0.0
0.0 0.0 0.0 0.0 0.0
0.0 0.0 0.0 0.0 0.0
0.0 0.0 0.0 0.0 0.0
0.0 0.0 0.0 0.0 0.0
0.0 0.0 0.0 0.0 0.0
0.0 0.0 0.0 0.0 0.0
0.0 0.0 0.0 0.0 0.0
