9.06 9.7 10.2
0.0 0.0 0.0
30.543310165405273 2.1453521251678467 1.9999999949504854e-06
27.615127563476562 1.0054911375045776 8.999999408842996e-06
40.60895538330078 1.860093355178833 3.099999958067201e-05
74.23126983642578 5.504875183105469 0.00013100000796839595
100.77979278564453 8.85511302947998 0.0003650000144261867
35.325103759765625 0.29101207852363586 0.0010659999679774046
6.352705955505371 0.03469400107860565 0.002265000017359853
3.4287030696868896 0.02151000127196312 0.002678999910131097
4.00205659866333 0.029872002080082893 0.005239999853074551
7.407020092010498 0.0614289864897728 0.015456000342965126
7.446571350097656 0.0914909839630127 0.018346000462770462
8.251182556152344 0.16307497024536133 0.026318002492189407
10.016229629516602 0.33115601539611816 0.041665997356176376
14.439003944396973 0.7699331641197205 0.0857279822230339
23.07663917541504 1.6244051456451416 0.2830750346183777
165.95550537109375 22.21527671813965 0.44002002477645874
17.561229705810547 1.1671934127807617 0.2078240066766739
10.122726440429688 0.47948703169822693 0.0607529953122139
5.756972312927246 0.12470598518848419 0.009117000736296177
7.545849800109863 0.19584397971630096 0.0012810000916942954
7.564406871795654 0.16675497591495514 0.00024300000222865492
8.371482849121094 0.23098601400852203 8.299999899463728e-05
3.6036899089813232 0.0721999928355217 2.600000152597204e-05
0.8101113438606262 0.0007280001300387084 3.000000106112566e-06
1.6138075590133667 0.0035810000263154507 3.000000106112566e-06
6.024533748626709 1.0449258089065552 1.9999999949504854e-06
7.663001537322998 1.891600489616394 9.999999974752427e-07
17.989444732666016 2.3881428241729736 3.000000106112566e-06
99.8230209350586 22.704444885253906 0.014527000486850739
6.569388389587402 0.7546331882476807 9.999999974752427e-07
1.3400099277496338 0.01712600141763687 0.0
0.9456541538238525 0.00685599772259593 0.0
0.9160492420196533 0.005911998450756073 0.0
0.9383755922317505 0.006023998837918043 0.0
0.9815195202827454 0.007582997903227806 0.0
1.1127607822418213 0.011631998233497143 0.0
1.434098243713379 0.029424002394080162 0.0
1.4394750595092773 0.02896500565111637 0.0
1.4733102321624756 0.029558001086115837 0.0
1.5217177867889404 0.030299000442028046 0.0
2.106948137283325 0.06950099021196365 0.0
7.752686500549316 0.23137497901916504 0.0
10.067997932434082 0.2326889932155609 0.0
6.8772196769714355 0.09125298261642456 0.0
6.189577579498291 0.0667169988155365 0.0
5.55594539642334 0.04398399963974953 0.0
4.023111343383789 0.017688000574707985 0.0
3.3797767162323 0.013127001002430916 0.0
3.1466708183288574 0.01242899987846613 0.0
3.2625670433044434 0.014655999839305878 0.0
3.871918201446533 0.019704001024365425 0.0
5.014379024505615 0.027420004829764366 1.9999999949504854e-06
5.869321823120117 0.0346049889922142 4.999999873689376e-06
6.978257656097412 0.0456259660422802 1.0000000656873453e-05
8.48691463470459 0.06515897065401077 1.500000053056283e-05
11.61933422088623 0.11933396011590958 3.5000000934815034e-05
19.551624298095703 0.34968438744544983 0.00018099999579135329
20.88783073425293 0.4690563976764679 0.00024300001678057015
23.98824119567871 0.5740845203399658 0.00043200000072829425
26.223861694335938 0.6245957612991333 0.0006639999919570982
30.486448287963867 0.6900642514228821 0.0012989999959245324
35.26205825805664 0.7328484058380127 0.0014070000033825636
47.11691665649414 1.3849496841430664 0.00204299995675683
77.8486328125 6.054477214813232 0.014154000207781792
134.05296325683594 21.70012855529785 0.19536200165748596
118.64668273925781 13.736030578613281 0.10993800312280655
65.90546417236328 3.109447956085205 0.003457000246271491
73.55909729003906 3.648393154144287 0.005018000025302172
149.4208984375 17.769824981689453 0.13322801887989044
251.998046875 47.82463836669922 1.8596819639205933
190.5255584716797 25.859495162963867 1.1610748767852783
117.50917053222656 9.18956470489502 0.4345549941062927
114.71385955810547 8.946617126464844 0.6113280057907104
104.82005310058594 8.173844337463379 0.7065219879150391
68.82930755615234 3.883100986480713 0.28925901651382446
41.69932556152344 1.5680769681930542 0.07761899381875992
28.156734466552734 0.837530255317688 0.030017001554369926
19.59229278564453 0.5406118631362915 0.022649001330137253
17.525774002075195 0.4674859642982483 0.02203500084578991
17.67603302001953 0.4603109359741211 0.01594800315797329
11.540403366088867 0.29925987124443054 0.009376000612974167
11.516518592834473 0.29308173060417175 0.005976999644190073
16.076406478881836 0.33902379870414734 0.004124999977648258
16.909883499145508 0.3377129137516022 0.0033210001420229673
18.261383056640625 0.3643138110637665 0.0028680001851171255
20.273733139038086 0.42232581973075867 0.002694000257179141
19.633590698242188 0.41030701994895935 0.002182000083848834
17.14185905456543 0.3586156368255615 0.0019940000493079424
16.601613998413086 0.33260291814804077 0.0022980005014687777
16.95897102355957 0.3152434527873993 0.002618000376969576
17.202667236328125 0.30074918270111084 0.0029890004079788923
24.529050827026367 0.38653668761253357 0.004262999631464481
28.46728515625 0.4326525628566742 0.005434997379779816
27.44914436340332 0.3915083408355713 0.005552996881306171
28.705341339111328 0.40121716260910034 0.006328994873911142
30.53135871887207 0.4310474991798401 0.007224993780255318
32.51532745361328 0.47924259305000305 0.008037998341023922
34.231231689453125 0.5251890420913696 0.00874099787324667
35.36273193359375 0.5447509288787842 0.009337994270026684
36.5235481262207 0.5479156374931335 0.009741997346282005
37.60655975341797 0.55042964220047 0.01023399829864502
39.18100357055664 0.5761069655418396 0.011040996760129929
45.52928161621094 0.7111019492149353 0.01280299574136734
55.46876525878906 0.946806013584137 0.01455699373036623
66.07246398925781 1.2715139389038086 0.01757100410759449
74.92139434814453 1.562334656715393 0.021286994218826294
81.07093048095703 1.7499656677246094 0.02427300624549389
86.6822738647461 1.9875274896621704 0.027382012456655502
91.3274154663086 2.260366201400757 0.030720019713044167
95.60320281982422 2.5550503730773926 0.03453398868441582
100.45733642578125 2.9318270683288574 0.03841296583414078
105.39278411865234 3.3180935382843018 0.04289896413683891
111.57613372802734 3.8623077869415283 0.04926995933055878
117.40177154541016 4.506664276123047 0.057196930050849915
120.05846405029297 4.9681572914123535 0.0657409280538559
117.53775024414062 4.765168190002441 0.07689888775348663
97.58011627197266 3.088336944580078 0.09165390580892563
77.73480987548828 2.2167842388153076 0.0941118597984314
81.65201568603516 2.534130096435547 0.1112508699297905
104.26468658447266 3.64336895942688 0.15704083442687988
141.60191345214844 8.780160903930664 0.20489388704299927
151.42156982421875 10.350260734558105 0.2217618227005005
3.7769763469696045 0.3462943136692047 0.04836799204349518
159.82366943359375 12.244256973266602 0.3057851493358612
158.8629913330078 12.102458953857422 0.3567260503768921
141.33474731445312 9.68309497833252 0.38251906633377075
120.639404296875 7.854490756988525 0.4030930697917938
100.37378692626953 6.647031307220459 0.4534572958946228
81.08618927001953 5.6851487159729 0.5235135555267334
69.62914276123047 5.278449535369873 0.6090937852859497
65.99312591552734 5.357447624206543 0.712407648563385
67.28182983398438 5.7245564460754395 0.8336171507835388
71.77468872070312 6.316705226898193 0.9761000871658325
76.66809844970703 6.972413539886475 1.1369599103927612
82.36647033691406 7.771549701690674 1.3283342123031616
88.64149475097656 8.703620910644531 1.5578311681747437
92.01992797851562 9.539063453674316 1.8159282207489014
96.84848022460938 10.519206047058105 2.1094486713409424
104.50392150878906 11.751138687133789 2.4421684741973877
113.52072143554688 13.073189735412598 2.8075497150421143
119.63951873779297 14.23858642578125 3.205880880355835
125.75064849853516 15.543621063232422 3.651811122894287
131.40113830566406 16.905376434326172 4.131893157958984
130.3966522216797 17.80205726623535 4.633810997009277
129.63796997070312 18.769359588623047 5.18774938583374
136.64048767089844 20.37688636779785 5.82107400894165
149.9830322265625 22.749528884887695 6.558150768280029
154.37890625 24.361007690429688 7.308058261871338
156.67193603515625 25.81798553466797 8.145401954650879
154.91172790527344 27.17229461669922 9.073362350463867
150.8562774658203 28.48394203186035 10.060163497924805
144.76612854003906 29.39666175842285 10.980572700500488
144.21192932128906 31.012727737426758 12.029394149780273
148.97463989257812 33.39425277709961 13.242565155029297
153.136962890625 35.68891525268555 14.447566986083984
160.4505615234375 38.59183883666992 15.808645248413086
164.21923828125 40.86207962036133 17.030118942260742
167.47262573242188 42.990997314453125 18.211091995239258
171.15814208984375 45.16788101196289 19.388042449951172
174.84762573242188 47.347511291503906 20.562044143676758
180.6730499267578 50.09926986694336 21.940340042114258
184.86407470703125 52.650413513183594 23.328853607177734
189.76136779785156 55.43903732299805 24.8424129486084
196.41465759277344 58.64569091796875 26.522663116455078
205.8635711669922 62.58916473388672 28.48714256286621
217.9387969970703 67.38098907470703 30.78628921508789
229.9360809326172 72.28417205810547 33.1690673828125
242.76194763183594 77.55982971191406 35.71951675415039
257.3974304199219 83.54212951660156 38.560115814208984
271.8094177246094 89.57601165771484 41.463008880615234
288.8184814453125 96.54939270019531 44.732669830322266
308.324462890625 104.4209213256836 48.368404388427734
328.21722412109375 112.43049621582031 52.052833557128906
352.34832763671875 122.07376098632812 56.37713623046875
376.4753112792969 131.7862548828125 60.76504898071289
401.0885314941406 141.7836151123047 65.30758666992188
424.72479248046875 151.50723266601562 69.64576721191406
445.7995910644531 160.42822265625 73.77510833740234
465.4300537109375 168.94705200195312 77.87982940673828
482.94146728515625 176.59719848632812 81.77001953125
499.850341796875 184.0901641845703 85.7151870727539
517.975341796875 192.29339599609375 90.02587890625
539.8718872070312 202.27188110351562 95.06910705566406
566.9949951171875 214.62191772460938 101.02165222167969
598.7705078125 229.02926635742188 107.71039581298828
634.9864501953125 244.36839294433594 114.60327911376953
667.076904296875 258.57843017578125 121.27604675292969
699.9098510742188 273.03497314453125 128.1053466796875
735.0258178710938 288.64532470703125 135.48199462890625
768.2462768554688 303.4234924316406 142.65704345703125
798.7418823242188 317.00738525390625 149.54541015625
829.287841796875 330.7772521972656 156.7576904296875
865.1878662109375 347.5093078613281 165.46946716308594
710.096435546875 276.5817565917969 140.53488159179688
960.4713745117188 393.96484375 189.47813415527344
1014.3656005859375 415.62335205078125 200.5791778564453
1065.4188232421875 439.69659423828125 213.42567443847656
1128.185546875 470.23077392578125 229.06790161132812
1180.6004638671875 492.87091064453125 240.8375701904297
1222.3619384765625 508.2402648925781 249.5876007080078
1137.8734130859375 454.13482666015625 228.44064331054688
1218.0810546875 488.90972900390625 247.58802795410156
1183.7664794921875 465.97393798828125 242.3234405517578
1152.211181640625 448.2850341796875 239.93496704101562
1360.297119140625 541.2813720703125 279.1728515625
1327.5548095703125 511.7544860839844 271.6652526855469
1441.1038818359375 558.3245849609375 292.8788146972656
1362.5421142578125 519.1015625 283.0458984375
1317.1224365234375 499.43212890625 281.2481994628906
1374.435791015625 519.5178833007812 293.8744812011719
1465.8719482421875 551.5187377929688 310.4896240234375
1565.664794921875 585.7962646484375 326.9236755371094
1792.1077880859375 671.9447631835938 359.3344421386719
1723.427001953125 639.2526245117188 353.3460388183594
1885.0299072265625 700.36328125 380.3499755859375
1959.94580078125 712.1947021484375 392.1418151855469
2012.2698974609375 729.5855102539062 407.5223388671875
2082.551513671875 757.12548828125 425.192626953125
2045.18115234375 752.0885620117188 429.4008483886719
2233.54638671875 813.95556640625 460.9539794921875
2493.5166015625 898.6748046875 501.5215148925781
2826.611572265625 1007.4489135742188 547.5433959960938
3042.810546875 1079.4248046875 581.375
3236.495849609375 1143.7862548828125 612.6008911132812
3454.22119140625 1218.0052490234375 648.3369140625
3897.412353515625 1337.582275390625 696.3082885742188
4202.9365234375 1437.0535888671875 741.6593017578125
4525.65869140625 1547.379150390625 790.8114013671875
4797.6435546875 1643.4520263671875 836.5171508789062
5102.50341796875 1753.6982421875 887.264404296875
5439.60888671875 1877.1502685546875 942.4625244140625
5814.5419921875 2013.608154296875 1001.0638427734375
6213.9072265625 2160.489990234375 1063.7125244140625
6545.4208984375 2275.986328125 1116.9454345703125
7035.2451171875 2459.32568359375 1190.23876953125
7925.54833984375 2721.630126953125 1280.197509765625
8256.7314453125 2823.376220703125 1325.7974853515625
8771.15625 3012.208740234375 1400.834228515625
9316.6826171875 3210.49072265625 1478.76220703125
9959.908203125 3449.836669921875 1565.96630859375
10563.1171875 3668.091064453125 1640.6875
11162.59375 3876.701904296875 1710.6929931640625
11912.69140625 4154.3154296875 1798.712158203125
12866.6982421875 4527.6484375 1909.662353515625
13560.5478515625 4767.5576171875 1986.5927734375
15379.0205078125 5268.888671875 2097.53857421875
16907.72265625 5898.52392578125 2256.300537109375
19565.3984375 7152.20751953125 2558.653564453125
22620.255859375 8720.185546875 2930.38232421875
28394.107421875 12105.8056640625 3740.68115234375
35078.49609375 16294.501953125 4866.6806640625
39404.26953125 18766.318359375 5623.80517578125
42297.46875 20117.876953125 6169.40966796875
42779.09765625 20029.875 6261.09814453125
43056.44140625 19849.521484375 6343.22607421875
42620.39453125 18620.759765625 6015.24609375
41479.04296875 17725.197265625 5874.7294921875
40385.6484375 16895.986328125 5744.904296875
39524.8671875 16193.4052734375 5605.29833984375
38843.5 15583.3115234375 5458.14697265625
38296.48046875 15021.3798828125 5291.20166015625
37928.6640625 14533.2060546875 5111.00390625
38188.23046875 14430.5673828125 5045.05322265625
38716.75 14489.2705078125 5017.23486328125
39476.9921875 14708.640625 5043.40283203125
40410.14453125 14767.7216796875 5011.0263671875
41121.38671875 15012.6806640625 5051.3486328125
41817.5078125 15261.5517578125 5098.8076171875
42179.640625 15348.09765625 5124.861328125
42504.5546875 15430.458984375 5139.0869140625
42632.8671875 15424.416015625 5135.05419921875
42757.30859375 15422.8017578125 5135.27099609375
42867.81640625 15424.3203125 5163.51708984375
42993.51953125 15394.296875 5092.44189453125
43171.53515625 15442.955078125 5102.013671875
42785.59765625 15105.3525390625 5000.0400390625
42753.515625 15150.1552734375 5006.2333984375
42585.4921875 15170.81640625 5011.06640625
42281.96875 15163.84765625 5010.74365234375
41781.08203125 15063.01953125 4963.888671875
41173.453125 14907.5556640625 4882.6689453125
40544.73828125 14741.3701171875 4804.0888671875
39955.3984375 14589.966796875 4741.060546875
39439.60546875 14465.060546875 4695.90283203125
39030.015625 14367.9736328125 4656.72119140625
37661.83203125 13778.005859375 4484.9921875
6612.8173828125 2530.190673828125 2095.99365234375
36867.34375 13497.6748046875 4404.7216796875
36308.73828125 13291.67578125 4351.62939453125
35644.66796875 13081.1669921875 4306.01318359375
34926.046875 12880.26171875 4211.1103515625
33959.34375 12556.65625 4084.212890625
33041.2109375 12302.169921875 3959.43408203125
31960.08203125 11965.232421875 3840.732666015625
30685.990234375 11512.2998046875 3708.90283203125
27249.53515625 10136.650390625 3350.2353515625
25639.5 9556.62890625 3175.82763671875
23877.431640625 8860.8076171875 2953.708984375
22128.333984375 8171.65185546875 2753.148193359375
20622.6953125 7643.1552734375 2641.467041015625
18839.73046875 6889.66357421875 2421.6328125
17355.5625 6336.6025390625 2286.455078125
15951.3359375 5805.4189453125 2145.48583984375
14683.5166015625 5327.763671875 2011.8780517578125
13485.84375 4855.02587890625 1865.746337890625
11008.9580078125 3959.877685546875 1608.8587646484375
10170.0107421875 3635.5546875 1496.3924560546875
9373.0361328125 3322.137451171875 1383.9267578125
8661.4208984375 3046.959228515625 1281.1495361328125
8031.3701171875 2811.893310546875 1189.6129150390625
7476.09228515625 2619.336669921875 1119.16015625
7035.77099609375 2497.26708984375 1081.84326171875
6469.9091796875 2293.386962890625 1004.1018676757812
6015.65966796875 2153.478271484375 955.7286987304688
5538.677734375 1989.81494140625 893.4977416992188
4551.39697265625 1674.3427734375 782.591796875
4197.17822265625 1551.1297607421875 732.0062866210938
3890.281494140625 1447.6197509765625 688.99169921875
3617.93017578125 1357.511474609375 651.1635131835938
3359.7734375 1269.198974609375 612.888916015625
3120.083984375 1186.2742919921875 576.2897338867188
2909.32763671875 1117.001708984375 546.3472900390625
2714.0146484375 1051.102294921875 517.7100830078125
2505.928955078125 971.1547241210938 480.3954162597656
2346.220947265625 916.9583740234375 456.32415771484375
1955.661865234375 789.9848022460938 406.3053894042969
1820.795166015625 738.7264404296875 381.6032409667969
1696.453857421875 691.6896362304688 358.84832763671875
1583.50732421875 648.890869140625 337.7731018066406
1474.5684814453125 606.3259887695312 316.5165710449219
1375.504638671875 568.6187133789062 298.023193359375
1283.3848876953125 533.0582275390625 280.3608703613281
1199.7623291015625 501.50933837890625 264.9837951660156
1120.8048095703125 471.18206787109375 250.05877685546875
1047.130615234375 442.6570129394531 235.95880126953125
875.2966918945312 386.3887939453125 213.0287322998047
818.0955200195312 363.83587646484375 201.71888732910156
764.3937377929688 342.41796875 190.889892578125
714.4671020507812 322.47509765625 180.77488708496094
667.7754516601562 303.44927978515625 170.96034240722656
622.5582885742188 284.1824645996094 160.72157287597656
581.7744750976562 267.0648193359375 151.66989135742188
544.0410766601562 250.72178649902344 142.82504272460938
510.2005920410156 236.16656494140625 134.94113159179688
479.16943359375 222.53135681152344 127.48004150390625
401.882080078125 196.00942993164062 115.6518783569336
378.4483642578125 185.1991729736328 109.62200164794922
357.41204833984375 175.7147979736328 104.37532043457031
337.49322509765625 166.34364318847656 99.0569076538086
319.3529968261719 157.63888549804688 94.07301330566406
304.24774169921875 150.4763641357422 90.04046630859375
291.9010314941406 144.69143676757812 86.80657196044922
281.4931945800781 139.77345275878906 84.0477523803711
271.7448425292969 135.0408172607422 81.3329849243164
263.17919921875 130.91090393066406 78.99244689941406
229.39984130859375 119.88156127929688 74.20248413085938
223.12612915039062 116.75688171386719 72.40565490722656
217.29429626464844 113.873046875 70.75406646728516
211.4796600341797 111.01318359375 69.09337615966797
205.48397827148438 108.02885437011719 67.34288787841797
199.4178466796875 104.98819732666016 65.52283477783203
193.29043579101562 101.91043090820312 63.72025680541992
187.4825439453125 99.06782531738281 62.059085845947266
181.67535400390625 96.1987533569336 60.35798645019531
176.1243896484375 93.49090576171875 58.77486801147461
154.64036560058594 86.04227447509766 55.31254959106445
149.8886260986328 83.6282730102539 53.88874053955078
145.4153289794922 81.43780517578125 52.610206604003906
140.57789611816406 78.96024322509766 51.1234016418457
136.43328857421875 77.01318359375 50.01814651489258
131.82302856445312 74.66116333007812 48.63455581665039
127.92791748046875 72.85446166992188 47.629512786865234
123.56658172607422 70.59889221191406 46.297298431396484
119.51485443115234 68.60914611816406 45.15018081665039
115.26055145263672 66.4015121459961 43.84273147583008
101.89830780029297 61.279212951660156 41.24522018432617
97.87290954589844 58.90932083129883 39.74288558959961
94.50920104980469 56.97874069213867 38.5208854675293
90.58126068115234 54.54861068725586 36.92484664916992
87.78480529785156 53.00043869018555 35.945709228515625
84.72032165527344 51.035362243652344 34.61801528930664
82.50494384765625 49.562408447265625 33.56858444213867
81.07205200195312 48.312034606933594 32.543479919433594
81.1766357421875 47.880741119384766 31.958593368530273
81.50949096679688 47.37586975097656 31.214035034179688
75.13941955566406 44.65900421142578 29.458454132080078
75.26483154296875 44.08457946777344 28.733823776245117
73.85967254638672 43.17755126953125 28.080190658569336
71.107421875 41.94758987426758 27.386207580566406
67.8403549194336 40.62134552001953 26.711442947387695
64.87586975097656 39.414772033691406 26.12208366394043
62.17072296142578 38.182342529296875 25.415271759033203
60.027374267578125 37.17488098144531 24.82769203186035
58.283241271972656 36.32958984375 24.316774368286133
56.768821716308594 35.469085693359375 23.703941345214844
51.472312927246094 33.241455078125 22.45381736755371
50.47882080078125 32.53363037109375 21.885345458984375
49.58203125 31.922252655029297 21.4207763671875
48.62864685058594 31.299909591674805 20.966270446777344
47.481285095214844 30.59333610534668 20.467416763305664
5.97928524017334 5.737644195556641 4.330969333648682
44.69834518432617 29.093019485473633 19.51831817626953
43.118221282958984 28.32600975036621 19.077674865722656
41.53069305419922 27.55901336669922 18.642534255981445
40.047855377197266 26.79962158203125 18.1916446685791
36.098751068115234 25.052534103393555 17.285917282104492
34.85472869873047 24.315494537353516 16.802282333374023
33.63278579711914 23.580862045288086 16.315635681152344
32.44289779663086 22.86906623840332 15.84865665435791
31.28834342956543 22.17978286743164 15.398262977600098
30.16084861755371 21.510351181030273 14.962182998657227
29.065813064575195 20.873666763305664 14.556926727294922
27.983875274658203 20.255083084106445 14.169262886047363
26.962566375732422 19.67041015625 13.804007530212402
26.03030776977539 19.135112762451172 13.472702980041504
23.846303939819336 18.013002395629883 12.849770545959473
23.15028190612793 17.554494857788086 12.530868530273438
22.497495651245117 17.11012840270996 12.213839530944824
21.8619327545166 16.657930374145508 11.878555297851562
21.224756240844727 16.20638084411621 11.544120788574219
20.53912925720215 15.749902725219727 11.226245880126953
19.861146926879883 15.291733741760254 10.905157089233398
19.09606170654297 14.820377349853516 10.616637229919434
18.389930725097656 14.383122444152832 10.356293678283691
17.657270431518555 13.914837837219238 10.06834602355957
16.22455406188965 13.079893112182617 9.59559154510498
15.61561393737793 12.65052604675293 9.304780960083008
15.075963973999023 12.263023376464844 9.03676986694336
14.552587509155273 11.869269371032715 8.746638298034668
14.116373062133789 11.542902946472168 8.505996704101562
13.711201667785645 11.227958679199219 8.259119033813477
13.34483814239502 10.942627906799316 8.033008575439453
12.983134269714355 10.652973175048828 7.796137809753418
12.625469207763672 10.37526798248291 7.562288284301758
12.226580619812012 10.05800724029541 7.300629138946533
11.180139541625977 9.277667045593262 6.723172187805176
10.63491153717041 8.75766658782959 6.295293807983398
10.225505828857422 8.400486946105957 6.015042781829834
9.861391067504883 8.149341583251953 5.835078239440918
9.42539119720459 7.759178161621094 5.544447898864746
9.034022331237793 7.440667152404785 5.30244779586792
8.674171447753906 7.162262439727783 5.099503517150879
8.3670072555542 6.9298319816589355 4.930050373077393
8.04570198059082 6.671778202056885 4.7416181564331055
7.737311840057373 6.414055347442627 4.5512189865112305
7.121728897094727 5.967565536499023 4.255241394042969
6.843325138092041 5.717024803161621 4.056942462921143
6.528740406036377 5.42635440826416 3.8120980262756348
6.2872395515441895 5.205563068389893 3.6403510570526123
5.972848892211914 4.899144172668457 3.389099597930908
5.710520267486572 4.637042045593262 3.1767783164978027
5.494652271270752 4.440585136413574 3.0237836837768555
5.299376487731934 4.269225120544434 2.8918607234954834
5.074782848358154 4.054732799530029 2.7350761890411377
4.890675067901611 3.8919808864593506 2.618910074234009
4.469912052154541 3.621380090713501 2.457695484161377
4.306003093719482 3.48293137550354 2.359130620956421
4.147799015045166 3.3546059131622314 2.270117998123169
3.9869534969329834 3.214393138885498 2.16819429397583
3.8386387825012207 3.0894737243652344 2.075777053833008
3.681804656982422 2.949387550354004 1.9640473127365112
3.5472142696380615 2.829240083694458 1.8687134981155396
3.4169516563415527 2.7069101333618164 1.7716617584228516
3.2973825931549072 2.5925893783569336 1.6787306070327759
3.183004856109619 2.4771933555603027 1.5842398405075073
2.906810998916626 2.2853856086730957 1.4564930200576782
2.807861328125 2.1830978393554688 1.3759708404541016
2.714787244796753 2.0824265480041504 1.2947572469711304
2.622748374938965 1.9845343828201294 1.2189689874649048
2.5224721431732178 1.880098819732666 1.139398217201233
2.4232351779937744 1.7803364992141724 1.06533944606781
2.3108503818511963 1.6719402074813843 0.9876452088356018
2.203343391418457 1.5737404823303223 0.9199656248092651
2.100245714187622 1.4799731969833374 0.8545445799827576
2.0075910091400146 1.3966960906982422 0.7970955967903137
1.7754559516906738 1.269913673400879 0.7243452668190002
1.7138030529022217 1.211246371269226 0.6816027164459229
1.6609688997268677 1.1614984273910522 0.642649233341217
1.6182795763015747 1.1201910972595215 0.6096873879432678
1.581713080406189 1.0836877822875977 0.5818693041801453
1.5617544651031494 1.0565334558486938 0.5592301487922668
1.548141598701477 1.029030442237854 0.5369889140129089
1.5391021966934204 1.0018715858459473 0.5158920288085938
1.5370455980300903 0.97675621509552 0.4965391457080841
1.52640962600708 0.949900209903717 0.4774888753890991
1.3581569194793701 0.8854162096977234 0.4457581341266632
1.3153787851333618 0.8665375709533691 0.4332101345062256
1.263380527496338 0.8456999659538269 0.4192861020565033
1.2134445905685425 0.8243662714958191 0.4041452705860138
1.170797348022461 0.8002334833145142 0.3862970769405365
1.1438076496124268 0.7811212539672852 0.37066707015037537
1.1267542839050293 0.7656521201133728 0.35692891478538513
1.110115885734558 0.7487573623657227 0.3432961404323578
1.0862747430801392 0.7297662496566772 0.33213499188423157
1.0519529581069946 0.7065667510032654 0.3233780264854431
0.9419641494750977 0.6562744379043579 0.307824969291687
0.9030493497848511 0.6420910358428955 0.3067440390586853
0.8631170392036438 0.6313490271568298 0.3081379532814026
0.8300678730010986 0.6201201677322388 0.3075260519981384
0.8032987117767334 0.609843373298645 0.3065379559993744
0.779927134513855 0.5972283482551575 0.30199509859085083
0.7599167227745056 0.5844442844390869 0.29607197642326355
0.7392226457595825 0.5685790777206421 0.28751593828201294
0.7233399152755737 0.5572518706321716 0.2815309166908264
0.7040359377861023 0.5428223013877869 0.27367186546325684
0.652152419090271 0.5133193731307983 0.2598608434200287
0.6357740759849548 0.5005813241004944 0.2533490061759949
0.6186525821685791 0.4881191551685333 0.24798594415187836
0.5985974669456482 0.4724753499031067 0.24120193719863892
0.5783856511116028 0.4566020965576172 0.23421290516853333
0.5598313808441162 0.4416111409664154 0.2273499220609665
0.5410445928573608 0.4252971112728119 0.21933801472187042
0.525566577911377 0.4119453728199005 0.21269990503787994
0.5129174590110779 0.40068310499191284 0.20641492307186127
0.4984164834022522 0.3870362937450409 0.19852490723133087
0.46173226833343506 0.36274608969688416 0.18591895699501038
0.4479232132434845 0.349465936422348 0.177917942404747
0.43634548783302307 0.338841050863266 0.17154794931411743
0.4250725209712982 0.32874810695648193 0.16550789773464203
0.41560637950897217 0.3207770884037018 0.16068801283836365
0.4060831367969513 0.31266602873802185 0.15580692887306213
0.39745721220970154 0.30551907420158386 0.15167896449565887
0.3910312354564667 0.3010440766811371 0.14895093441009521
0.38385242223739624 0.29599809646606445 0.14599691331386566
0.3756132423877716 0.2904120981693268 0.1428549587726593
0.35550209879875183 0.27957603335380554 0.138311967253685
0.3510380983352661 0.27637597918510437 0.13677893579006195
0.3459802269935608 0.27285894751548767 0.13518494367599487
0.34172412753105164 0.2699298560619354 0.13392093777656555
0.33810195326805115 0.2674518823623657 0.13297994434833527
0.33418402075767517 0.2647538185119629 0.13199500739574432
0.32998210191726685 0.2618938088417053 0.1308729499578476
0.32480621337890625 0.2582699954509735 0.12916293740272522
0.31979307532310486 0.254753977060318 0.12756095826625824
0.31492704153060913 0.2513858675956726 0.1260189712047577
0.3015250563621521 0.24331995844841003 0.12274594604969025
0.2979702949523926 0.24105195701122284 0.12186294049024582
0.2945091724395752 0.23886489868164062 0.12103395909070969
0.2908182144165039 0.23644699156284332 0.11999198794364929
0.28730422258377075 0.2341069132089615 0.11887697130441666
0.28399696946144104 0.23192386329174042 0.11791694909334183
0.2805539667606354 0.22956787049770355 0.11680197715759277
0.27697497606277466 0.22698093950748444 0.11542197316884995
0.27361705899238586 0.22457292675971985 0.1141989603638649
0.26991188526153564 0.2217198759317398 0.11248598992824554
0.2599089741706848 0.2142859250307083 0.10890598595142365
0.2562459707260132 0.21134887635707855 0.1071300134062767
0.25279977917671204 0.20854586362838745 0.10539400577545166
0.2490667849779129 0.20540682971477509 0.10329096764326096
0.24637190997600555 0.2032429724931717 0.10211297124624252
0.24390581250190735 0.20122390985488892 0.10095995664596558
0.24148882925510406 0.1991828829050064 0.09977300465106964
0.2389598935842514 0.1969539076089859 0.09837596118450165
0.23675984144210815 0.1950199156999588 0.09731099009513855
0.23429089784622192 0.1928899586200714 0.09625197947025299
0.2270568609237671 0.18702688813209534 0.09375
0.22445587813854218 0.1848069429397583 0.0927099660038948
0.22175876796245575 0.18256983160972595 0.09175199270248413
0.218912735581398 0.1802287995815277 0.09075198322534561
0.21582774817943573 0.17766889929771423 0.08959200233221054
0.21227972209453583 0.17465786635875702 0.0880109891295433
0.20789285004138947 0.1707909107208252 0.08562197536230087
0.20276886224746704 0.1661628782749176 0.08249497413635254
0.19830676913261414 0.16216586530208588 0.08000998944044113
0.19351591169834137 0.15780597925186157 0.0771319717168808
0.185654878616333 0.1509939730167389 0.07355798780918121
0.1818118691444397 0.14751192927360535 0.0714309811592102
0.1784277856349945 0.14443886280059814 0.06954999268054962
0.17533992230892181 0.14163897931575775 0.06780099123716354
0.1728498488664627 0.13939698040485382 0.06647199392318726
0.17085187137126923 0.1376369446516037 0.06554298847913742
0.16918693482875824 0.13620096445083618 0.06492199003696442
0.16765694320201874 0.13489693403244019 0.06442298740148544
0.16533683240413666 0.1327829509973526 0.06310000270605087
0.16250987350940704 0.13015896081924438 0.06134499981999397
0.15675188601016998 0.1250709742307663 0.05870300158858299
0.1528298705816269 0.12133091688156128 0.055958982557058334
0.15111084282398224 0.11980494856834412 0.055370986461639404
0.14956089854240417 0.11845196038484573 0.0548119843006134
0.14810889959335327 0.11719398200511932 0.054213996976614
0.14661693572998047 0.11589698493480682 0.05357998237013817
0.1449899971485138 0.1144639328122139 0.0528159998357296
0.1433059573173523 0.11297798156738281 0.05197498947381973
0.14168895781040192 0.11153299361467361 0.051116980612277985
0.14036986231803894 0.11038099229335785 0.050536975264549255
0.1365509033203125 0.10705595463514328 0.049095988273620605
0.13488192856311798 0.10553698986768723 0.048162978142499924
0.1332588940858841 0.10406394302845001 0.047283995896577835
0.13163186609745026 0.10258498042821884 0.046431995928287506
0.1299639493227005 0.10106796771287918 0.04556399583816528
0.12852799892425537 0.099761001765728 0.044887982308864594
0.12682794034481049 0.09823493659496307 0.04412999004125595
0.12470990419387817 0.09632095694541931 0.043115001171827316
0.12308891862630844 0.09483398497104645 0.04231797903776169
0.12167693674564362 0.09354497492313385 0.04162798449397087
0.11835498362779617 0.09060099720954895 0.040364980697631836
0.11712996661663055 0.08944400399923325 0.03962599113583565
0.11604094505310059 0.08840597420930862 0.03891599550843239
0.1151929497718811 0.08758798241615295 0.03829299658536911
0.1143469586968422 0.08675000071525574 0.03762999549508095
0.11364898830652237 0.08604801446199417 0.03703198581933975
0.11306096613407135 0.08542399853467941 0.03644499555230141
0.11265895515680313 0.0849589928984642 0.035885002464056015
0.11261289566755295 0.08480095118284225 0.03547000512480736
0.11282292753458023 0.08488097786903381 0.035260990262031555
0.11137296259403229 0.08355198800563812 0.03468099981546402
0.11190896481275558 0.08397897332906723 0.034678999334573746
0.11262992024421692 0.08456996828317642 0.03476199880242348
0.11357992142438889 0.08538096398115158 0.035016994923353195
0.11432395875453949 0.08599898964166641 0.035225994884967804
0.11566293984651566 0.08716098964214325 0.03568999469280243
0.11718795448541641 0.08848898857831955 0.03625398874282837
0.11868294328451157 0.08978398889303207 0.03676498681306839
0.12014493346214294 0.09103696048259735 0.0372140035033226
0.12179197371006012 0.09244398772716522 0.03779499605298042
0.12147893011569977 0.09211697429418564 0.037850987166166306
0.12308195233345032 0.09345299005508423 0.03840799257159233
0.12456898391246796 0.09466199576854706 0.03884599730372429
0.12615494430065155 0.09593899548053741 0.0393579937517643
0.127766951918602 0.09723296761512756 0.0399090051651001
0.12927989661693573 0.09842196851968765 0.040390998125076294
0.1306779384613037 0.0994669646024704 0.0407479926943779
0.13213397562503815 0.10055297613143921 0.04118000343441963
0.13353995978832245 0.10158894956111908 0.04159299656748772
0.13493093848228455 0.10259097069501877 0.04199999198317528
0.1342179775238037 0.10171299427747726 0.041799984872341156
0.13540996611118317 0.1025419756770134 0.04212199151515961
0.13648591935634613 0.1032479852437973 0.042326994240283966
0.1375058889389038 0.10390199720859528 0.042512986809015274
0.13820891082286835 0.10425896942615509 0.042468998581171036
0.1390598863363266 0.10478697717189789 0.04264898970723152
0.13979393243789673 0.10521796345710754 0.042773984372615814
0.14050593972206116 0.10556399077177048 0.042852990329265594
0.14105498790740967 0.10576897859573364 0.04284399002790451
0.14147493243217468 0.10584598779678345 0.04277899116277695
0.13995593786239624 0.10410500317811966 0.04214799031615257
0.14007791876792908 0.10385098308324814 0.04187699034810066
0.14004497230052948 0.10343799740076065 0.04149898886680603
0.14006894826889038 0.10305798798799515 0.04115898907184601
0.14021697640419006 0.10281896591186523 0.04096699506044388
0.14018794894218445 0.10237297415733337 0.040574993938207626
0.14031092822551727 0.10207097232341766 0.040355000644922256
0.14041389524936676 0.10171099007129669 0.040105994790792465
0.14036095142364502 0.10116598755121231 0.03970598801970482
0.14032597839832306 0.10065696388483047 0.03940199688076973
0.138543963432312 0.09849601238965988 0.03861299529671669
0.13857991993427277 0.09803100675344467 0.03842999413609505
0.13833293318748474 0.09727300703525543 0.03800100088119507
0.13812096416950226 0.09652800112962723 0.037629999220371246
0.13797298073768616 0.09583598375320435 0.03727699816226959
0.13773100078105927 0.09499198943376541 0.03676999732851982
0.13750502467155457 0.09409800171852112 0.03620699420571327
0.13738501071929932 0.09323300421237946 0.03564499318599701
0.1374330222606659 0.09249097853899002 0.03518299385905266
0.13770797848701477 0.09192997217178345 0.0348920002579689
0.13642296195030212 0.08980399370193481 0.03409900516271591
0.13632197678089142 0.08887498080730438 0.03360900282859802
0.13624389469623566 0.08798294514417648 0.03321700915694237
0.13582395017147064 0.08685597032308578 0.032721005380153656
0.13532394170761108 0.08574298024177551 0.03232800215482712
0.1346389204263687 0.0844230055809021 0.03186099976301193
0.1341279298067093 0.08310601115226746 0.031234003603458405
0.13466592133045197 0.08227398991584778 0.03061400167644024
0.1357809603214264 0.08174599707126617 0.02997799962759018
0.13756392896175385 0.08157199621200562 0.029294999316334724
0.1376829594373703 0.07995299994945526 0.028256000950932503
0.1387309432029724 0.0794610008597374 0.027508001774549484
0.13940095901489258 0.07914198189973831 0.027070004492998123
0.13994693756103516 0.07893199473619461 0.02675599977374077
0.14062589406967163 0.07890897989273071 0.026517000049352646
0.14107894897460938 0.07894198596477509 0.02634199894964695
0.14150096476078033 0.07921397686004639 0.026367001235485077
0.14210794866085052 0.07969797402620316 0.026436004787683487
0.14294391870498657 0.08043499290943146 0.026601003482937813
0.14396291971206665 0.0813559889793396 0.026798002421855927
0.14433693885803223 0.08163997530937195 0.02690400369465351
0.14584392309188843 0.08306597173213959 0.027227001264691353
0.14737388491630554 0.08454497903585434 0.027557000517845154
0.148905947804451 0.08607599139213562 0.02791600115597248
0.1505129039287567 0.08775299787521362 0.028364000841975212
0.15216891467571259 0.08953197300434113 0.028852002695202827
0.15391993522644043 0.09148599952459335 0.0293900016695261
0.1558409333229065 0.09374396502971649 0.030091004446148872
0.1579218953847885 0.09618199616670609 0.03087100200355053
0.16000491380691528 0.09857399016618729 0.031590983271598816
0.1608579307794571 0.09958098828792572 0.0319959931075573
0.16285592317581177 0.10179396718740463 0.03262999281287193
0.16477292776107788 0.10390596091747284 0.03310199826955795
0.1668059378862381 0.10612500458955765 0.033678993582725525
0.16899695992469788 0.10850497335195541 0.03434199467301369
0.1709909588098526 0.11072196811437607 0.03476399555802345
0.17312295734882355 0.11308197677135468 0.035238996148109436
0.17549297213554382 0.11565898358821869 0.035885997116565704
0.17806990444660187 0.11843598634004593 0.03671399876475334
0.18061494827270508 0.12114696204662323 0.03742999583482742
0.18202492594718933 0.12251497805118561 0.03785799816250801
0.18472394347190857 0.12540195882320404 0.03876100108027458
0.18723292648792267 0.12810097634792328 0.039385005831718445
0.18998992443084717 0.13107100129127502 0.04006500542163849
0.1929589956998825 0.13427500426769257 0.040838997811079025
0.19587697088718414 0.13742698729038239 0.04140400141477585
0.1989639699459076 0.1407719999551773 0.04214499518275261
0.2024659663438797 0.14455999433994293 0.04324299842119217
0.20631197094917297 0.148732990026474 0.044600993394851685
0.21033097803592682 0.1531439870595932 0.04591500386595726
0.21177993714809418 0.1547369658946991 0.04536700248718262
0.2158089131116867 0.15930496156215668 0.04640300199389458
0.2194819450378418 0.16347798705101013 0.0470770038664341
0.2219819873571396 0.16645099222660065 0.046153001487255096
0.22579200565814972 0.17070801556110382 0.04632100090384483
0.2300489991903305 0.17534701526165009 0.046679988503456116
0.23497694730758667 0.18061496317386627 0.047405995428562164
0.23946398496627808 0.1854199916124344 0.047627996653318405
0.244159996509552 0.1904190182685852 0.047947999089956284
0.24895501136779785 0.19550703465938568 0.04818599298596382
0.2504909932613373 0.1970439851284027 0.04633099213242531
0.2562499940395355 0.2030879706144333 0.04749899357557297
0.26115497946739197 0.20831294357776642 0.047951988875865936
0.26630306243896484 0.21379299461841583 0.04852699115872383
0.27080801129341125 0.2186659872531891 0.048819996416568756
0.2762030363082886 0.22444795072078705 0.04980199784040451
0.28117597103118896 0.22983595728874207 0.05057299882173538
0.2850480377674103 0.23415298759937286 0.050700996071100235
0.28871408104896545 0.23826399445533752 0.05071399733424187
0.29210004210472107 0.2421019971370697 0.050078995525836945
0.2934850752353668 0.24355097115039825 0.04918399453163147
0.2973549962043762 0.24784395098686218 0.04960699751973152
0.30153095722198486 0.2524159252643585 0.049372997134923935
0.30476394295692444 0.25601792335510254 0.04860099405050278
0.30943799018859863 0.2610529661178589 0.04841899871826172
0.31364500522613525 0.26559796929359436 0.04834099858999252
0.31689006090164185 0.269180029630661 0.0487699992954731
0.3213869631290436 0.2739959955215454 0.049313995987176895
0.32613804936408997 0.2790600061416626 0.04993700236082077
0.33140304684638977 0.2846370041370392 0.050185997039079666
0.3329540491104126 0.2861670255661011 0.04938899725675583
0.33440113067626953 0.28792303800582886 0.04869799315929413
0.33502197265625 0.2888459861278534 0.047113995999097824
0.33380505442619324 0.28794005513191223 0.046525996178388596
0.335845023393631 0.29025405645370483 0.0462149940431118
0.33477798104286194 0.28945600986480713 0.04593699425458908
0.33317914605140686 0.2881520986557007 0.04600399360060692
0.3316761255264282 0.2869470715522766 0.04618099704384804
0.33108699321746826 0.28664204478263855 0.04669499769806862
0.3326510190963745 0.2884710133075714 0.04696499928832054
0.3320610523223877 0.2878760099411011 0.04635099694132805
0.32995009422302246 0.2859940528869629 0.04489099606871605
0.3260650932788849 0.28229910135269165 0.04168699309229851
0.3223319947719574 0.2786850035190582 0.04029899463057518
0.3228400647640228 0.27924004197120667 0.04064299166202545
0.3219550848007202 0.2782840430736542 0.041461993008852005
0.3237530291080475 0.2799929678440094 0.04152199625968933
0.32434412837028503 0.2804860770702362 0.04151799529790878
0.3226301074028015 0.27871403098106384 0.04092099517583847
0.32182806730270386 0.27787503600120544 0.04063999652862549
0.31865009665489197 0.2745530605316162 0.0398389957845211
0.31478309631347656 0.27079904079437256 0.0388839952647686
0.30576813220977783 0.26205605268478394 0.0351019948720932
0.2987540364265442 0.25538498163223267 0.032203998416662216
0.2901570796966553 0.24721096456050873 0.02888699807226658
0.2814870774745941 0.23899097740650177 0.026736000552773476
0.27258405089378357 0.23058098554611206 0.02459399774670601
0.2593691051006317 0.21785099804401398 0.022425999864935875
0.24596698582172394 0.20492002367973328 0.02067199908196926
0.23496493697166443 0.1943729966878891 0.01969500072300434
0.22340898215770721 0.18316401541233063 0.018868999555706978
0.21156898140907288 0.17174100875854492 0.01791500113904476
0.20101699233055115 0.16157199442386627 0.016971999779343605
0.19386295974254608 0.1547819972038269 0.016088001430034637
0.18725498020648956 0.1485140174627304 0.015415000729262829
0.18185897171497345 0.14343300461769104 0.014278000220656395
0.1763870120048523 0.13826701045036316 0.01270500011742115
0.17023198306560516 0.13240300118923187 0.01091800071299076
0.16512195765972137 0.12756597995758057 0.01001300010830164
0.15935398638248444 0.12207397073507309 0.008886000141501427
0.15408799052238464 0.11706998944282532 0.007869000546634197
0.14898596704006195 0.11226996779441833 0.007133999839425087
0.1435159593820572 0.10711696743965149 0.0058189998380839825
0.13810893893241882 0.10203199088573456 0.004980999510735273
0.13169994950294495 0.09597300738096237 0.003922999836504459
0.12735997140407562 0.09200500696897507 0.0034730001352727413
0.12202398478984833 0.08705199509859085 0.002705999882891774
0.11673597246408463 0.08215399086475372 0.0023950000759214163
0.11199896782636642 0.07781600207090378 0.0021840000990778208
0.10733398050069809 0.07356298714876175 0.0019450001418590546
0.10189197212457657 0.0685339868068695 0.0018390000332146883
0.09833597391843796 0.06539099663496017 0.0017320000333711505
0.09507397562265396 0.06253199279308319 0.0016240000259131193
0.09192097932100296 0.05977499857544899 0.0015200000489130616
0.08887796849012375 0.05712999030947685 0.0014250000240281224
0.0860779732465744 0.05471799522638321 0.001319000031799078
0.08386798202991486 0.052855998277664185 0.0011490000179037452
0.08178698271512985 0.05111399665474892 0.0010630000615492463
0.0798259899020195 0.049480993300676346 0.0008749999688006938
0.0782269760966301 0.04819899797439575 0.0007239999831654131
0.07612999528646469 0.046415992081165314 0.0006409999914467335
0.07379098981618881 0.04437599331140518 0.00048600000445730984
0.07145798951387405 0.042336996644735336 0.00037200000951997936
0.06955999881029129 0.04071599245071411 0.0003279999946244061
0.06762300431728363 0.0390469916164875 0.00028100001509301364
0.06526698917150497 0.03694799542427063 0.0002610000083222985
0.0633319765329361 0.03526599705219269 0.00023600000713486224
0.06128198653459549 0.033469993621110916 0.00020200001017656177
0.05888299271464348 0.03131399303674698 0.00017300000763498247
0.05716400220990181 0.029833000153303146 0.00016799999866634607
0.05552400276064873 0.028428001329302788 0.00014799999189563096
0.053804002702236176 0.02694600075483322 0.00014599999121855944
0.052050989121198654 0.02541700005531311 0.00014200000441633165
0.05006799101829529 0.023628000169992447 0.00014099999680183828
0.0488789826631546 0.022637000307440758 0.00013899999612476677
0.047612983733415604 0.021570000797510147 0.00013899999612476677
0.047036997973918915 0.021185999736189842 0.00013699999544769526
0.0463859885931015 0.020739000290632248 0.00013299999409355223
0.045865997672080994 0.020423000678420067 0.0001320000010309741
0.045413997024297714 0.020163999870419502 0.00012499999138526618
0.044870998710393906 0.0198340006172657 0.00011799999629147351
0.04394000023603439 0.019112002104520798 0.00011100000119768083
0.04284799471497536 0.018243001773953438 0.00010400000610388815
0.041283994913101196 0.01690800115466118 9.200000204145908e-05
0.03987899795174599 0.015779001638293266 8.399999933317304e-05
0.03859899565577507 0.014773998409509659 6.800000119255856e-05
0.036980994045734406 0.013419999741017818 5.400000009103678e-05
0.03564700111746788 0.012353998608887196 4.199999966658652e-05
0.034369997680187225 0.01136499922722578 3.099999958067201e-05
0.03346800431609154 0.010730999521911144 1.900000097521115e-05
0.03257499635219574 0.010106000117957592 1.4000000192027073e-05
0.0319410003721714 0.009745999239385128 9.000000318337698e-06
0.03101601079106331 0.00912100076675415 1.9999999949504854e-06
0.03026800975203514 0.008688000030815601 1.9999999949504854e-06
0.029777010902762413 0.00846800021827221 1.9999999949504854e-06
0.029309004545211792 0.008251000195741653 1.9999999949504854e-06
0.028850002214312553 0.008038999512791634 1.9999999949504854e-06
0.028466003015637398 0.007895000278949738 1.9999999949504854e-06
0.02809700183570385 0.007780999410897493 1.9999999949504854e-06
0.027748003602027893 0.0076689994893968105 9.999999974752427e-07
0.027380002662539482 0.007554999087005854 9.999999974752427e-07
0.02701600082218647 0.007437999825924635 9.999999974752427e-07
0.026605000719428062 0.007286000065505505 9.999999974752427e-07
0.02618500031530857 0.007101000286638737 9.999999974752427e-07
0.02577500231564045 0.006926000118255615 9.999999974752427e-07
0.02518000267446041 0.006581000052392483 9.999999974752427e-07
0.02449200116097927 0.006132999435067177 9.999999974752427e-07
0.023924002423882484 0.005828999448567629 9.999999974752427e-07
0.023264005780220032 0.005393999628722668 9.999999974752427e-07
0.022537002339959145 0.004917999263852835 9.999999974752427e-07
0.021870000287890434 0.0045079998672008514 9.999999974752427e-07
0.02104400098323822 0.003952000290155411 9.999999974752427e-07
0.020603002980351448 0.0037420003209263086 9.999999974752427e-07
0.019933005794882774 0.0032930001616477966 9.999999974752427e-07
0.019494004547595978 0.003063000040128827 9.999999974752427e-07
0.018801001831889153 0.0025700002443045378 0.0
0.018246004357933998 0.002198000205680728 0.0
0.01802300475537777 0.0021480002906173468 0.0
0.017715001478791237 0.0020530004985630512 0.0
0.017469003796577454 0.0020030003506690264 0.0
0.017267003655433655 0.0019640002865344286 0.0
0.017061004415154457 0.0019160001538693905 0.0
0.016839005053043365 0.0018629999831318855 0.0
0.016642006114125252 0.001820000004954636 0.0
0.016458002850413322 0.0017809999408200383 0.0
0.01627100445330143 0.0017500000540167093 0.0
0.016067001968622208 0.0017230001976713538 0.0
0.015911001712083817 0.0017040001694113016 0.0
0.01576399989426136 0.0017040000529959798 0.0
0.01563900336623192 0.0017060000682249665 0.0
0.01546700019389391 0.00170700007583946 0.0
0.015288000926375389 0.0017010000301524997 0.0
0.015094000846147537 0.0016959999920800328 0.0
0.014958000741899014 0.0017109999898821115 0.0
0.014818999916315079 0.001702000037766993 0.0
0.014642998576164246 0.0016609999584034085 0.0
0.014459996484220028 0.0016049999976530671 0.0
0.014298995956778526 0.0015790000325068831 0.0
0.014078998006880283 0.001503000152297318 0.0
0.013752995990216732 0.0013710000785067677 0.0
0.013521997258067131 0.001280000084079802 0.0
0.013244998641312122 0.0011780000058934093 0.0
0.012995997443795204 0.0010960000799968839 0.0
0.012761997990310192 0.0010140000376850367 0.0
0.012490998022258282 0.0009040000149980187 0.0
0.012340999208390713 0.0008900000830180943 0.0
0.012194001115858555 0.0008770000422373414 0.0
0.012051998637616634 0.0008660000748932362 0.0
0.011959000490605831 0.0008679999737069011 0.0
0.011855999939143658 0.0008690000395290554 0.0
0.011744000017642975 0.0008619999862276018 0.0
0.011685998179018497 0.000863000052049756 0.0
0.011645997874438763 0.0008709999965503812 0.0
0.011628998443484306 0.0008830000297166407 0.0
0.011592998169362545 0.0008940000552684069 0.0
0.011574997566640377 0.0009060000884346664 0.0
0.011537999846041203 0.0009180000051856041 0.0
0.01150400098413229 0.0009289999725297093 0.0
0.011469000019133091 0.0009379999246448278 0.0
0.011446001008152962 0.0009499999578110874 0.0
0.011393998749554157 0.0009590000263415277 0.0
0.011340000666677952 0.0009710000013001263 0.0
0.011263000778853893 0.0009820000268518925 0.0
0.011195001192390919 0.0009840000420808792 0.0
0.011175999417901039 0.0010089999996125698 0.0
0.011156999506056309 0.0010270000202581286 0.0
0.011204998940229416 0.0010430000256747007 0.0
0.011269998736679554 0.0010800000745803118 0.0
0.011332998983561993 0.0010960000799968839 0.0
0.011387999169528484 0.0011139999842271209 0.0
0.01140199787914753 0.0011230000527575612 0.0
0.011381998658180237 0.0011070000473409891 0.0
0.011337999254465103 0.0010830000974237919 0.0
0.011271998286247253 0.0010470000561326742 0.0
0.011245000176131725 0.0009929999941959977 0.0
0.011233998462557793 0.0009950000094249845 0.0
0.011207997798919678 0.000965000013820827 0.0
0.0111480001360178 0.0009129999671131372 0.0
0.011146999895572662 0.0009129999671131372 0.0
0.01112699881196022 0.0009180000051856041 0.0
0.011111998930573463 0.0009250000002793968 0.0
0.011086000129580498 0.0009319999953731894 0.0
0.01103300042450428 0.0009410000639036298 0.0
0.01100500114262104 0.0009480000589974225 0.0
0.01100900024175644 0.0009570001275278628 0.0
0.010955998674035072 0.0009619999909773469 0.0
0.010931997559964657 0.0009590000845491886 0.0
0.010894997976720333 0.0009550000540912151 0.0
0.0108509985730052 0.0009460001019760966 0.0
0.01080700010061264 0.0009410000639036298 0.0
0.0107479989528656 0.0009280000231228769 0.0
0.010681000538170338 0.0009210000280290842 0.0
0.010633000172674656 0.0009160000481642783 0.0
0.010596998035907745 0.0009159999899566174 0.0
0.010642999783158302 0.000934000127017498 0.0
0.010720999911427498 0.000952000031247735 0.0
0.010903998278081417 0.000989000080153346 0.0
0.01112399809062481 0.0010340000735595822 0.0
0.011354999616742134 0.0010790000669658184 0.0
0.01157399732619524 0.0011249999515712261 0.0
0.011739001609385014 0.0011569999624043703 0.0
0.011864000000059605 0.001181999919936061 0.0
0.011973001062870026 0.00120599998626858 0.0
0.012078000232577324 0.001221999991685152 0.0
0.012252001091837883 0.0012600000482052565 0.0
0.012348000891506672 0.001280000084079802 0.0
0.012430001981556416 0.0012959999730810523 0.0
0.012532002292573452 0.0013040000339969993 0.0
0.012586001306772232 0.0012989999959245324 0.0
0.012593002989888191 0.0012540000025182962 0.0
0.012532003223896027 0.001193000003695488 0.0
0.012424001470208168 0.0011480000102892518 0.0
0.01216100249439478 0.0010330000659450889 0.0
0.011872000992298126 0.000977999996393919 0.0
0.01136000081896782 0.0008229999803006649 0.0
0.01080000028014183 0.000737000023946166 0.0
0.010075998492538929 0.0006520000169984996 0.0
0.009332997724413872 0.0005830000154674053 0.0
0.00866399984806776 0.0004949999856762588 0.0
0.008136997930705547 0.0004409999819472432 0.0
0.007727998308837414 0.000375000003259629 0.0
0.0074399979785084724 0.00033299997448921204 0.0
0.007215998135507107 0.00030099996365606785 0.0
0.00707999849691987 0.00028799998108297586 0.0
0.0069739981554448605 0.0002749999694060534 0.0
0.006921997759491205 0.0002669999666977674 0.0
0.0068849981762468815 0.00026000000070780516 0.0
0.006868998520076275 0.00025699997786432505 0.0
0.006828999146819115 0.0002539999841246754 0.0
0.006808998063206673 0.00025099999038502574 0.0
0.006840999238193035 0.0002530000056140125 0.0
0.006849999073892832 0.0002519999979995191 0.0
0.0068599991500377655 0.000252999976510182 0.0
0.006837999448180199 0.00024999998277053237 0.0
0.006798998918384314 0.00024999998277053237 0.0
0.0067519983276724815 0.0002479999966453761 0.0
0.00668199872598052 0.00024599998141638935 0.0
0.00659699784591794 0.00024299997312482446 0.0
0.006520997732877731 0.00023899997177068144 0.0
0.006460998207330704 0.00023699998564552516 0.0
0.006396998185664415 0.00023399997735396028 0.0
0.006353998091071844 0.0002329999697394669 0.0
0.006339997984468937 0.00023199997667688876 0.0
0.00631699850782752 0.00023099998361431062 0.0
0.006339997984468937 0.00022999997599981725 0.0
0.006374998949468136 0.00022999999055173248 0.0
0.006414998788386583 0.0002289999829372391 0.0
0.006473998539149761 0.00023099998361431062 0.0
0.006532998289912939 0.00023099998361431062 0.0
0.006603999063372612 0.00023299999884329736 0.0
0.006679998245090246 0.00023400000645779073 0.0
0.006762998644262552 0.00023200000578071922 0.0
0.0068519990891218185 0.00023299999884329736 0.0
0.006939997896552086 0.0002339999919058755 0.0
0.007028998341411352 0.0002339999919058755 0.0
0.007122998591512442 0.00023599999258294702 0.0
0.007220998872071505 0.00023700000019744039 0.0
0.007308998145163059 0.00023400000645779073 0.0
0.007403998170047998 0.00023499999952036887 0.0
0.0074859983287751675 0.00023099999816622585 0.0
0.007561998907476664 0.00023099999816622585 0.0
0.007631998974829912 0.0002280000044265762 0.0
0.007682999595999718 0.00022400000307243317 0.0
0.007755999453365803 0.00022399998852051795 0.0
0.007813999429345131 0.00021999998716637492 0.0
