8.95 9.6 10.1 10.6
0.00042100000428035855 0.00042100000428035855 0.00042100000428035855 0.00042100000428035855
9.470431327819824 0.3312440514564514 0.0027569998055696487 0.0020389999262988567
6.597879409790039 0.016246002167463303 0.0022350000217556953 0.0022350000217556953
8.476250648498535 0.03069400042295456 0.0024659999180585146 0.0024659999180585146
14.801454544067383 0.39056897163391113 0.0027260000351816416 0.0027260000351816416
22.153100967407227 0.478551983833313 0.003011000109836459 0.003010000102221966
2.4884285926818848 0.012051998637616634 0.0033209999091923237 0.0033209999091923237
0.213760644197464 0.010939999483525753 0.0036730000283569098 0.0036730000283569098
0.06098591908812523 0.01095299981534481 0.004064000211656094 0.004064000211656094
0.06232885271310806 0.011742000468075275 0.004482000134885311 0.004482000134885311
0.16645754873752594 0.013034999370574951 0.004916999954730272 0.004916999954730272
0.15673750638961792 0.014361000619828701 0.005371999926865101 0.005371999926865101
0.1523124873638153 0.0166190005838871 0.00583200016990304 0.00583200016990304
0.1767214685678482 0.020796999335289 0.006273999810218811 0.006273999810218811
0.2249152958393097 0.022518999874591827 0.0067369998432695866 0.0067369998432695866
0.32788553833961487 0.017114000394940376 0.007263000123202801 0.007263000123202801
3.2851979732513428 0.21865999698638916 0.019924001768231392 0.007911000400781631
0.954115092754364 0.017925001680850983 0.008894000202417374 0.008888999931514263
0.6820529699325562 0.01898600161075592 0.010692000389099121 0.010691000148653984
0.3726676106452942 0.022181998938322067 0.014457999728620052 0.014457999728620052
0.36339572072029114 0.03217099606990814 0.021758999675512314 0.02175699919462204
0.3826976418495178 0.04399699345231056 0.032315999269485474 0.032315000891685486
0.40062958002090454 0.052494000643491745 0.04170899838209152 0.041708000004291534
0.14393356442451477 0.05382400006055832 0.04758099839091301 0.04758099839091301
0.0727657824754715 0.05403899773955345 0.05112700164318085 0.05112700164318085
0.08727160096168518 0.05681899935007095 0.05390699952840805 0.05390699952840805
0.16386230289936066 0.06168099865317345 0.05649999901652336 0.05649999901652336
0.1803663820028305 0.06410500407218933 0.05882300063967705 0.05882300063967705
0.47901996970176697 0.08873499929904938 0.06069000065326691 0.06069000065326691
13.790916442871094 5.436248779296875 0.062126997858285904 0.06212100014090538
0.3676793575286865 0.06813100725412369 0.06325100362300873 0.06325100362300873
0.12598249316215515 0.06561899185180664 0.06416700035333633 0.06416700035333633
0.1166275218129158 0.0659249871969223 0.06483999639749527 0.06483999639749527
0.12036661058664322 0.06621298938989639 0.06530799716711044 0.06530799716711044
0.12749557197093964 0.06651800125837326 0.06572899967432022 0.06572899967432022
0.1382443755865097 0.06690899282693863 0.06614600121974945 0.06614600121974945
0.15216435492038727 0.06724199652671814 0.06648200005292892 0.06648200005292892
0.17203646898269653 0.06747199594974518 0.06664799898862839 0.06664799898862839
0.18118539452552795 0.06757700443267822 0.06664899736642838 0.06664899736642838
0.18713457882404327 0.06763798743486404 0.06657499819993973 0.06657499819993973
0.192008376121521 0.06751499325037003 0.06626799702644348 0.06626799702644348
0.21187624335289001 0.06734800338745117 0.06577099859714508 0.06577099859714508
0.4090726971626282 0.07369998097419739 0.06525000184774399 0.06525000184774399
0.6954365372657776 0.0719279795885086 0.06466999650001526 0.06466999650001526
0.8916515707969666 0.06719597429037094 0.06385199725627899 0.06385199725627899
0.8653503060340881 0.06566198170185089 0.06254299730062485 0.06254299730062485
0.7355406284332275 0.06353599578142166 0.060708001255989075 0.060708001255989075
0.5732783675193787 0.06030198559165001 0.05850299820303917 0.05850299820303917
0.48794111609458923 0.05729499086737633 0.05575599893927574 0.05575599893927574
0.40793555974960327 0.05353899672627449 0.05205700173974037 0.05205700173974037
0.4042523205280304 0.048807982355356216 0.04710099846124649 0.04710099846124649
0.4333018660545349 0.04339198023080826 0.04125300049781799 0.04125300049781799
0.4905267357826233 0.03787097707390785 0.03514900058507919 0.035137999802827835
0.534777820110321 0.0334719754755497 0.030038001015782356 0.029978999868035316
0.5942119359970093 0.030829008668661118 0.02620600163936615 0.026100000366568565
0.6835432648658752 0.029878998175263405 0.02345699816942215 0.02336999960243702
0.8722776770591736 0.035857003182172775 0.02166699804365635 0.021386999636888504
1.41450035572052 0.13427698612213135 0.034161001443862915 0.019840000197291374
1.5155274868011475 0.08754799515008926 0.02308500185608864 0.01858000084757805
1.7756000757217407 0.06743200123310089 0.02128800004720688 0.017537999898195267
1.9779481887817383 0.056668970733881 0.019983001053333282 0.01669199950993061
2.545605182647705 0.07703497260808945 0.022185999900102615 0.01600700058043003
3.7297303676605225 0.10363298654556274 0.023068999871611595 0.01549999974668026
5.656891822814941 0.309856116771698 0.028428999707102776 0.015208999626338482
9.734270095825195 1.0388129949569702 0.046740997582674026 0.015068000182509422
17.800121307373047 2.77181339263916 0.11000601202249527 0.0149940000846982
16.42535972595215 2.437420129776001 0.14676399528980255 0.015014000236988068
8.446415901184082 1.1906023025512695 0.17477498948574066 0.015163999982178211
9.796524047851562 1.4391509294509888 0.21790799498558044 0.015449999831616879
23.959604263305664 3.6637446880340576 0.34118103981018066 0.01583700068295002
44.8317985534668 9.202735900878906 2.038655996322632 0.01634099893271923
36.36163330078125 5.5713982582092285 1.1589089632034302 0.016927000135183334
24.473709106445312 2.8237040042877197 0.38487306237220764 0.01687599904835224
26.541669845581055 2.8981873989105225 0.39164999127388 0.017455000430345535
27.526607513427734 2.6613569259643555 0.4144749939441681 0.018682001158595085
19.041240692138672 1.4271081686019897 0.25458598136901855 0.0181489996612072
11.962488174438477 0.7678535580635071 0.18083401024341583 0.018470000475645065
9.038516998291016 0.6033734083175659 0.1602800041437149 0.019022000953555107
8.162970542907715 0.6168440580368042 0.1672009974718094 0.019572000950574875
8.267413139343262 0.6464853882789612 0.1862179934978485 0.02011900022625923
8.432969093322754 0.6554189324378967 0.22831399738788605 0.02068999968469143
4.955979824066162 0.2918960452079773 0.03289100155234337 0.021273000165820122
5.2435078620910645 0.3290451169013977 0.036243002861738205 0.022105000913143158
8.670321464538574 0.9137850403785706 0.484561026096344 0.023434000089764595
9.562868118286133 1.1078053712844849 0.6709359884262085 0.025046000257134438
10.837470054626465 1.4192779064178467 0.9394079446792603 0.027049999684095383
12.52945327758789 1.820750117301941 1.2738100290298462 0.029634999111294746
12.528812408447266 1.7903412580490112 1.2468479871749878 0.032912999391555786
11.345929145812988 1.3936450481414795 0.8670100569725037 0.03638000041246414
11.582046508789062 1.3384722471237183 0.7883009910583496 0.03955300152301788
12.521727561950684 1.6034141778945923 1.0504448413848877 0.042653001844882965
13.190983772277832 1.7713779211044312 1.2648259401321411 0.045795001089572906
19.800024032592773 1.8400404453277588 1.0923329591751099 0.0472010001540184
23.838909149169922 1.3423717021942139 0.45684298872947693 0.04812999814748764
23.925907135009766 1.080404281616211 0.30121302604675293 0.049601003527641296
26.193603515625 1.1070644855499268 0.24177893996238708 0.05105400085449219
29.56728172302246 1.256269097328186 0.20212893187999725 0.05266600102186203
33.6807746887207 1.4834102392196655 0.1819509118795395 0.054701000452041626
37.90546798706055 1.7330219745635986 0.1536509394645691 0.05730099603533745
41.54775619506836 1.9670140743255615 0.12320192158222198 0.06046099588274956
45.05265426635742 2.1551051139831543 0.10337989032268524 0.0641159936785698
47.8760986328125 2.2046730518341064 0.09840190410614014 0.06814399361610413
51.02680587768555 2.1362569332122803 0.10324501246213913 0.07248400896787643
58.40046691894531 2.150977373123169 0.11494991928339005 0.07718999683856964
74.1103515625 2.4307849407196045 0.13045383989810944 0.08167699724435806
84.89540100097656 2.549149990081787 0.15088878571987152 0.08644600212574005
91.11459350585938 2.915407657623291 0.17349384725093842 0.0914979875087738
102.0333251953125 3.4285695552825928 0.19390374422073364 0.09631599485874176
115.56836700439453 4.179708480834961 0.21796075999736786 0.10143199563026428
130.49130249023438 5.368869304656982 0.24641896784305573 0.10674499720335007
144.412353515625 4.7663774490356445 0.27918103337287903 0.11225899308919907
161.2010955810547 4.970831871032715 0.3205605149269104 0.1180579736828804
179.75697326660156 5.543349742889404 0.371558278799057 0.12445396929979324
201.25941467285156 6.494085788726807 0.43775585293769836 0.13191895186901093
224.76644897460938 7.7386064529418945 0.5261238813400269 0.1406819373369217
243.7855987548828 8.880582809448242 0.6385998725891113 0.1515289843082428
249.70944213867188 9.4537935256958 0.7105668187141418 0.16551795601844788
205.96502685546875 7.758054733276367 0.7732970714569092 0.1821759045124054
165.83624267578125 6.775783538818359 0.9028428196907043 0.20126588642597198
184.03848266601562 7.9203290939331055 1.0965913534164429 0.2261618673801422
258.0369873046875 11.811620712280273 1.3708711862564087 0.25880590081214905
396.90399169921875 20.10236167907715 1.898364782333374 0.29502493143081665
449.44256591796875 23.386003494262695 2.5465567111968994 0.34267088770866394
27.755508422851562 3.7921550273895264 1.3434722423553467 0.33694401383399963
537.5104370117188 31.544445037841797 4.186149597167969 0.4943934679031372
587.5734252929688 37.75776290893555 5.806229591369629 0.608527660369873
566.0848999023438 37.532955169677734 6.327481269836426 0.7596725225448608
510.0937805175781 32.13569641113281 6.384476184844971 0.9192766547203064
433.48126220703125 28.622100830078125 7.031132698059082 1.150109887123108
360.623046875 27.53019905090332 8.171393394470215 1.4856609106063843
323.0533752441406 28.542085647583008 9.548018455505371 1.8094217777252197
321.48138427734375 30.930030822753906 10.986336708068848 2.01880145072937
346.8456726074219 34.158241271972656 12.46102237701416 2.1417410373687744
392.1543884277344 38.605064392089844 14.213445663452148 2.3552322387695312
445.46807861328125 43.89529037475586 16.2678279876709 2.718712568283081
506.6602783203125 50.389930725097656 18.811111450195312 3.2624073028564453
579.6271362304688 58.3922119140625 21.913671493530273 3.986642360687256
648.1397094726562 65.79978942871094 25.219831466674805 4.781944274902344
724.5545654296875 74.68089294433594 28.971445083618164 5.77789306640625
834.4218139648438 87.23072814941406 33.40180206298828 6.938746452331543
990.5947265625 105.41728973388672 38.560760498046875 8.173141479492188
1142.47998046875 125.43821716308594 44.40401840209961 9.463248252868652
1258.5150146484375 144.11727905273438 49.97135925292969 11.170442581176758
1373.7559814453125 163.12301635742188 56.53423309326172 12.899011611938477
1421.056640625 169.1780242919922 63.901798248291016 14.020716667175293
1443.818603515625 172.87815856933594 65.5718765258789 15.627396583557129
1605.322509765625 200.87864685058594 76.48345947265625 17.88716697692871
1877.32763671875 265.0239562988281 94.9161376953125 21.73847198486328
1978.026611328125 280.3441162109375 99.33969116210938 24.934816360473633
2012.3184814453125 276.2263488769531 103.22036743164062 28.37644386291504
1945.390869140625 259.9370422363281 109.32438659667969 32.440521240234375
1848.1552734375 254.64137268066406 119.52153778076172 37.556331634521484
1732.1728515625 256.8616943359375 130.94825744628906 43.42336654663086
1730.19970703125 273.1714782714844 144.9130096435547 50.070796966552734
1834.1995849609375 300.2323303222656 160.60861206054688 56.91157913208008
1929.5345458984375 327.42596435546875 176.07568359375 63.69038009643555
2088.764892578125 362.49591064453125 193.30189514160156 71.12936401367188
2181.57958984375 391.4499206542969 209.23370361328125 78.5528564453125
2262.072509765625 418.90936279296875 224.34010314941406 85.5255126953125
2348.226806640625 446.0511474609375 238.3701934814453 91.65795135498047
2423.427978515625 470.7228698730469 250.78817749023438 96.6858901977539
2552.38818359375 503.9133605957031 265.7491760253906 102.30775451660156
2655.049072265625 535.2243041992188 280.88067626953125 108.24378967285156
2768.120361328125 569.4708251953125 296.7874755859375 113.87744903564453
2931.9013671875 613.6343383789062 316.15093994140625 120.64495849609375
3162.78955078125 675.5712890625 344.2077941894531 131.77659606933594
3442.402099609375 752.6969604492188 379.7810363769531 146.19754028320312
3722.90185546875 836.3604125976562 420.868896484375 162.56224060058594
4010.748291015625 925.3690795898438 465.267822265625 179.4273223876953
4321.845703125 1022.9813842773438 513.162841796875 197.85952758789062
4639.0048828125 1124.612548828125 562.619384765625 217.6006622314453
4993.705078125 1234.5225830078125 610.1008911132812 233.7173614501953
5388.38525390625 1358.39111328125 662.2531127929688 248.75636291503906
5794.05712890625 1496.2852783203125 728.9300537109375 271.2945251464844
6227.8212890625 1652.9342041015625 809.91064453125 297.33795166015625
6653.5400390625 1805.3524169921875 886.2998657226562 320.4095764160156
7068.16650390625 1947.9107666015625 953.8106079101562 337.974609375
7482.26953125 2085.254150390625 1014.1011962890625 354.166015625
7869.02978515625 2211.25830078125 1068.9105224609375 368.1863098144531
8238.3916015625 2334.364501953125 1125.1339111328125 383.8277893066406
8616.716796875 2471.663818359375 1190.512939453125 405.0816955566406
9001.1865234375 2616.1484375 1261.9254150390625 430.7750549316406
9423.060546875 2781.169921875 1344.7689208984375 461.03839111328125
9952.9970703125 2996.033203125 1449.93359375 497.6662902832031
10630.046875 3277.463134765625 1581.470947265625 541.6458740234375
11430.689453125 3612.439453125 1728.5772705078125 590.9058227539062
12385.3037109375 3993.39599609375 1883.2369384765625 639.6882934570312
13164.5234375 4304.869140625 2016.4586181640625 687.01611328125
13883.6337890625 4582.99072265625 2149.60595703125 745.0707397460938
14740.4931640625 4960.662109375 2345.90478515625 831.5108642578125
15544.4990234375 5302.6142578125 2512.13916015625 903.4292602539062
16310.3203125 5606.353515625 2627.88134765625 948.35107421875
17122.93359375 5931.90283203125 2738.314697265625 986.538818359375
18090.0859375 6355.64453125 2901.68505859375 1044.993896484375
17468.89453125 5981.455078125 2457.6640625 879.7572631835938
20670.794921875 7609.7822265625 3440.9755859375 1244.3077392578125
22908.265625 8714.87109375 3854.11865234375 1382.0408935546875
24918.072265625 9822.87109375 4319.50830078125 1557.4061279296875
27467.404296875 11313.859375 4979.78564453125 1825.5408935546875
30357.017578125 13083.7060546875 5840.97607421875 2193.877685546875
33247.9375 14807.16796875 6579.13427734375 2461.025634765625
37639.74609375 17627.32421875 7123.2314453125 2514.542236328125
36961.7421875 16856.005859375 7291.6572265625 2736.15771484375
35872.234375 16028.8681640625 7148.1318359375 2811.7470703125
33603.609375 14564.9248046875 6840.36279296875 2817.73193359375
43248.53515625 20538.275390625 8772.63671875 3157.70703125
39485.40625 17793.705078125 8048.54345703125 3113.931396484375
44823.95703125 21083.875 9109.4697265625 3290.42431640625
38939.328125 17186.923828125 7871.529296875 3126.16455078125
34961.09375 14766.474609375 7160.12890625 3077.91845703125
35835.75 15125.71875 7325.294921875 3185.0361328125
38165.14453125 16264.7724609375 7632.41796875 3231.093994140625
41767.9765625 18206.072265625 8128.08984375 3276.6416015625
55229.44921875 26685.6796875 10554.677734375 3469.6015625
49173.56640625 22608.736328125 9276.9033203125 3315.984130859375
54419.1640625 25963.396484375 10278.8095703125 3428.9130859375
48860.8515625 22354.1640625 9250.0947265625 3316.958251953125
45549.28515625 20340.08984375 8734.8125 3245.677490234375
47492.33203125 21892.658203125 9199.44921875 3261.055419921875
44323.08203125 20624.5390625 8301.3564453125 2846.390380859375
46342.6328125 21708.80859375 8731.3017578125 2935.37890625
48559.4375 22895.56640625 9663.7138671875 3361.98046875
46663.734375 21025.05078125 9096.484375 3354.169921875
44708.60546875 19643.380859375 8545.580078125 3237.32177734375
44590.19140625 19502.548828125 8449.5673828125 3200.300048828125
44672.140625 19510.861328125 8417.595703125 3167.103271484375
44419.90625 19525.1328125 8409.279296875 3097.42138671875
44261.1953125 19409.263671875 8332.7626953125 3030.619873046875
44363.01171875 19441.771484375 8297.1806640625 2979.755126953125
43990.24609375 19174.873046875 8173.0810546875 2920.266845703125
43840.5390625 19041.837890625 8092.76171875 2871.867919921875
43912.66796875 19006.251953125 8039.9697265625 2829.754150390625
44130.2265625 19004.38671875 7954.3310546875 2744.041015625
44121.046875 18911.880859375 7874.44482421875 2689.984130859375
43344.7109375 18329.2265625 7634.15966796875 2623.601806640625
43443.46875 18342.55859375 7578.646484375 2586.76416015625
41658.265625 17334.30859375 7180.22998046875 2490.57421875
40321.453125 16453.828125 6835.30517578125 2436.1015625
39640.3515625 16008.8798828125 6576.8232421875 2315.42822265625
38786.26171875 15469.6376953125 6309.421875 2226.079345703125
38275.828125 15161.3310546875 6143.62890625 2190.46826171875
37918.21875 14870.63671875 5909.9541015625 2059.325439453125
37411.21875 14503.892578125 5694.337890625 1981.1505126953125
37147.7890625 14313.859375 5541.71826171875 1911.5673828125
37271.14453125 14375.724609375 5459.7998046875 1844.996826171875
36595.41796875 13937.5419921875 5232.9306640625 1760.36328125
34109.18359375 12638.71484375 4705.45849609375 1603.1820068359375
34416.0234375 12844.0146484375 4673.1728515625 1552.5272216796875
35370.87109375 13586.880859375 4810.43212890625 1520.69677734375
35920.890625 14187.703125 4952.8759765625 1489.5009765625
36614.30859375 15128.939453125 5274.8876953125 1473.5306396484375
35070.0 14494.8193359375 5043.8056640625 1415.24267578125
31904.908203125 12559.4697265625 4398.318359375 1298.12451171875
28015.1484375 10122.0205078125 3594.778564453125 1161.2186279296875
25326.845703125 8622.6943359375 3131.36962890625 1060.071533203125
22988.625 7395.58056640625 2756.480224609375 972.3888549804688
19288.58984375 5849.50146484375 2329.14208984375 860.5850219726562
17473.724609375 5063.01806640625 2084.174560546875 789.4213256835938
15912.763671875 4431.07763671875 1879.41552734375 724.63037109375
14584.5927734375 3917.733642578125 1701.5386962890625 664.6333618164062
13467.3603515625 3507.08642578125 1551.6365966796875 610.6538696289062
12482.0986328125 3152.822265625 1414.37158203125 559.8692016601562
11711.7841796875 2895.138916015625 1308.1702880859375 517.6856079101562
11106.4189453125 2709.847412109375 1231.1630859375 486.49560546875
10566.34375 2552.807373046875 1165.2672119140625 459.51141357421875
10067.822265625 2416.2041015625 1109.423583984375 437.2216796875
8847.83984375 2147.61865234375 1021.818603515625 406.35760498046875
8405.6806640625 2035.567626953125 975.6760864257812 388.2230529785156
7974.18701171875 1930.6171875 932.4779052734375 370.9992980957031
7526.12744140625 1825.294189453125 890.75146484375 355.0185241699219
7094.140625 1727.115966796875 851.4244384765625 340.2402648925781
6668.58203125 1632.9305419921875 813.7467651367188 326.1433410644531
6268.2373046875 1546.713134765625 778.658447265625 312.9194030761719
5889.923828125 1466.304931640625 745.3490600585938 300.12738037109375
5541.48876953125 1393.9033203125 714.8203735351562 288.37591552734375
5205.537109375 1323.2369384765625 683.92626953125 275.6864013671875
4506.90087890625 1193.2081298828125 635.6007690429688 258.7045593261719
4209.68798828125 1127.969970703125 606.0411376953125 247.0814666748047
3920.629638671875 1062.541015625 575.6354370117188 234.76856994628906
3646.18505859375 999.8121948242188 546.3295288085938 223.11769104003906
3389.43212890625 940.6342163085938 518.4741821289062 212.08428955078125
3154.25341796875 886.4782104492188 492.9230651855469 202.1068115234375
2941.633544921875 837.4517211914062 469.65667724609375 193.10365295410156
2750.343505859375 792.8110961914062 448.1457214355469 184.73300170898438
2578.95703125 752.1682739257812 428.2464294433594 177.01235961914062
2425.114990234375 714.7313232421875 409.4585266113281 169.60147094726562
2111.830810546875 651.0855712890625 382.12628173828125 159.97882080078125
1839.1531982421875 1217.53466796875 1079.4072265625 618.4393310546875
1883.486083984375 590.067138671875 349.3258972167969 146.6681365966797
1777.120849609375 561.52197265625 333.8636474609375 140.3912811279297
1675.1988525390625 534.3724365234375 319.0633239746094 134.1667938232422
1581.1363525390625 510.7196044921875 306.42803955078125 128.95303344726562
1487.36962890625 485.4054870605469 292.7057189941406 123.07364654541016
1400.88818359375 463.1002197265625 280.9317321777344 118.28348541259766
1318.5701904296875 441.5772705078125 269.516845703125 113.6523208618164
1240.869140625 420.77935791015625 258.1887512207031 108.851806640625
1083.5010986328125 385.3585510253906 241.0079803466797 102.47380828857422
1021.8173828125 367.7182922363281 230.7934112548828 98.02491760253906
964.447021484375 351.0667419433594 220.77381896972656 93.523193359375
909.863037109375 334.41961669921875 210.79437255859375 89.21943664550781
859.1353149414062 318.36212158203125 201.52919006347656 85.57650756835938
812.2207641601562 304.0672607421875 192.2755126953125 81.22056579589844
768.73876953125 290.3916931152344 183.7605743408203 77.36325073242188
728.6492919921875 277.8060607910156 175.55320739746094 73.36099243164062
691.77587890625 266.2240295410156 167.9933624267578 69.80598449707031
656.2001342773438 254.1525115966797 159.7568359375 65.6471939086914
575.7973022460938 232.08998107910156 147.95172119140625 61.16754913330078
544.9778442382812 219.6813201904297 139.85935974121094 57.38418960571289
515.0272216796875 207.36358642578125 131.73516845703125 53.51004409790039
486.75433349609375 195.73455810546875 124.159423828125 50.00318908691406
460.01593017578125 184.8580322265625 117.18075561523438 46.859291076660156
434.9142150878906 174.7785186767578 110.74540710449219 43.96982192993164
411.53375244140625 165.4285888671875 105.34220123291016 42.002376556396484
390.0630798339844 157.73094177246094 100.13632202148438 39.463592529296875
369.85235595703125 150.2311553955078 95.5512924194336 37.569236755371094
350.8000793457031 143.3794708251953 91.03827667236328 35.482566833496094
309.3201904296875 131.85574340820312 84.61721801757812 32.88525390625
293.3791198730469 125.61678314208984 80.36207580566406 30.86373519897461
278.02117919921875 119.2786865234375 76.15326690673828 28.936513900756836
263.687744140625 113.34629821777344 72.30997467041016 27.284358978271484
249.8745880126953 107.50869750976562 68.498046875 25.64553451538086
236.6770477294922 101.8609390258789 64.8387222290039 24.126270294189453
223.65426635742188 96.0428466796875 61.26032257080078 22.8138370513916
212.11923217773438 91.14808654785156 58.12450408935547 21.554744720458984
200.9783935546875 86.4539566040039 54.821529388427734 20.0452938079834
190.80572509765625 82.10528564453125 52.054622650146484 18.959280014038086
168.64186096191406 75.4054946899414 48.25413131713867 17.568641662597656
160.13929748535156 71.70448303222656 45.75431823730469 16.506593704223633
152.11013793945312 68.22216796875 43.40574264526367 15.50070571899414
144.17886352539062 64.5953369140625 41.01785659790039 14.511354446411133
136.51907348632812 61.05953598022461 38.66464614868164 13.521484375
129.6160888671875 58.02328109741211 36.62690734863281 12.628713607788086
122.89856719970703 54.972713470458984 34.60673904418945 11.7662992477417
116.98074340820312 52.468868255615234 32.97099304199219 11.100434303283691
111.25830078125 49.99683380126953 31.355236053466797 10.443855285644531
105.8764877319336 47.679325103759766 29.849685668945312 9.846311569213867
93.88731384277344 43.96663284301758 27.819055557250977 9.193713188171387
89.40801239013672 41.99195098876953 26.538368225097656 8.701570510864258
85.10285186767578 40.069644927978516 25.295339584350586 8.226509094238281
80.97637176513672 38.21634292602539 24.100788116455078 7.765300750732422
77.00812530517578 36.40573501586914 22.931394577026367 7.314199924468994
73.05966186523438 34.53652572631836 21.703664779663086 6.830455780029297
69.46521759033203 32.88615417480469 20.624225616455078 6.406283855438232
66.00497436523438 31.238414764404297 19.55017852783203 5.997542381286621
62.8548583984375 29.763141632080078 18.582874298095703 5.625485897064209
59.8642692565918 28.323719024658203 17.643495559692383 5.2768731117248535
53.06446075439453 26.0367431640625 16.3353328704834 4.8439130783081055
50.5971565246582 24.79408073425293 15.513026237487793 4.549074172973633
48.34850311279297 23.697484970092773 14.789227485656738 4.2923431396484375
46.157737731933594 22.590721130371094 14.06583023071289 4.05204439163208
44.14877700805664 21.566444396972656 13.39042854309082 3.829457998275757
42.4290885925293 20.69206428527832 12.822157859802246 3.653773784637451
41.00397491455078 19.972286224365234 12.352014541625977 3.503953456878662
39.781227111816406 19.348651885986328 11.95689868927002 3.3950676918029785
38.68190383911133 18.78597068786621 11.591300964355469 3.2829418182373047
37.671234130859375 18.25676918029785 11.257696151733398 3.1899170875549316
34.25876998901367 17.169830322265625 10.68953800201416 3.0586354732513428
33.47250747680664 16.741893768310547 10.417695999145508 2.9792134761810303
32.675865173339844 16.29611587524414 10.143129348754883 2.903395175933838
31.88194465637207 15.857484817504883 9.870214462280273 2.8217384815216064
31.109800338745117 15.448646545410156 9.625737190246582 2.7699882984161377
30.317960739135742 15.024517059326172 9.362635612487793 2.694794178009033
29.514711380004883 14.592601776123047 9.09746265411377 2.6266863346099854
28.76215934753418 14.20360279083252 8.864179611206055 2.5740106105804443
28.028501510620117 13.828546524047852 8.636512756347656 2.51952862739563
27.325746536254883 13.474664688110352 8.424976348876953 2.473029375076294
25.014781951904297 12.74403190612793 8.02896499633789 2.36681866645813
24.40609359741211 12.430191993713379 7.83351469039917 2.3135573863983154
23.839941024780273 12.15073013305664 7.659754276275635 2.2616355419158936
23.243053436279297 11.844589233398438 7.459860324859619 2.1902475357055664
22.73789405822754 11.616589546203613 7.330545902252197 2.1660327911376953
22.16027069091797 11.323202133178711 7.151800632476807 2.1179099082946777
21.66684341430664 11.100743293762207 7.031104564666748 2.098062038421631
21.114776611328125 10.824448585510254 6.8755269050598145 2.0719285011291504
20.60997200012207 10.59066390991211 6.74361515045166 2.044959545135498
20.064546585083008 10.316741943359375 6.578502178192139 1.9973337650299072
18.503917694091797 9.813813209533691 6.313610553741455 1.9378104209899902
17.981403350830078 9.527881622314453 6.143786907196045 1.9008235931396484
17.56067657470703 9.311829566955566 6.013534069061279 1.874821662902832
17.040958404541016 9.007750511169434 5.818172454833984 1.8169167041778564
16.682897567749023 8.832505226135254 5.710124492645264 1.786012887954712
16.283864974975586 8.594374656677246 5.555150985717773 1.748605489730835
16.0013370513916 8.420799255371094 5.433496475219727 1.7126389741897583
15.837549209594727 8.286711692810059 5.329183578491211 1.6928071975708008
15.885721206665039 8.278124809265137 5.30479621887207 1.7113155126571655
15.907018661499023 8.231156349182129 5.244776248931885 1.7117540836334229
15.141857147216797 8.003765106201172 5.106761932373047 1.70358407497406
15.102699279785156 7.970685958862305 5.071842670440674 1.7102011442184448
14.905608177185059 7.890284061431885 5.024961948394775 1.7077783346176147
14.600391387939453 7.781442642211914 4.97143030166626 1.6948294639587402
14.267800331115723 7.681551456451416 4.936082363128662 1.6963081359863281
13.935968399047852 7.573521614074707 4.892886638641357 1.6930354833602905
13.65300464630127 7.492668628692627 4.868424892425537 1.7031118869781494
13.419437408447266 7.430044651031494 4.8524489402771 1.7179652452468872
13.227609634399414 7.384373664855957 4.843755722045898 1.7365232706069946
13.053238868713379 7.330119609832764 4.8165154457092285 1.7382441759109497
12.386667251586914 7.153297424316406 4.734645366668701 1.737170696258545
12.29645824432373 7.143365383148193 4.7407073974609375 1.7656071186065674
12.156378746032715 7.084959506988525 4.699481010437012 1.7715067863464355
11.990111351013184 7.005734920501709 4.640378952026367 1.7527579069137573
11.85033130645752 6.963499546051025 4.623626708984375 1.7701294422149658
1.0231763124465942 0.5479803681373596 0.26122286915779114 0.061570994555950165
11.467947959899902 6.810646057128906 4.5385541915893555 1.7474795579910278
11.27545166015625 6.747371673583984 4.51236629486084 1.7683578729629517
11.09228801727295 6.6945481300354 4.496677398681641 1.786855697631836
10.900703430175781 6.62514066696167 4.463859558105469 1.7846206426620483
10.343283653259277 6.459418773651123 4.3974456787109375 1.816683292388916
9.981882095336914 6.200443744659424 4.174015045166016 1.6416465044021606
9.78164005279541 6.102288722991943 4.112504959106445 1.6177688837051392
9.67149543762207 6.095100402832031 4.143604278564453 1.6972230672836304
9.230151176452637 5.7565765380859375 3.843989372253418 1.4390698671340942
9.096364974975586 5.725548267364502 3.851473331451416 1.4838640689849854
8.894758224487305 5.627580165863037 3.791071891784668 1.4756512641906738
8.457818984985352 5.295356750488281 3.4955954551696777 1.229461431503296
8.273656845092773 5.2126617431640625 3.4476890563964844 1.216591715812683
8.103474617004395 5.138434410095215 3.406618118286133 1.207004189491272
7.68544340133667 4.981955051422119 3.3286635875701904 1.19677734375
7.561903953552246 4.929192543029785 3.302279233932495 1.2008812427520752
7.436280250549316 4.869637966156006 3.269094228744507 1.2004562616348267
7.316257476806641 4.8115997314453125 3.2377817630767822 1.2034481763839722
7.195558071136475 4.753570556640625 3.2078428268432617 1.2111598253250122
7.043785572052002 4.6717753410339355 3.157564878463745 1.1934659481048584
6.890023708343506 4.586251735687256 3.1033170223236084 1.1753991842269897
6.731274604797363 4.508630275726318 3.0634355545043945 1.18435800075531
6.566296577453613 4.421408653259277 3.0140023231506348 1.1739693880081177
6.3701043128967285 4.303344249725342 2.935013771057129 1.1343001127243042
6.029566764831543 4.150064945220947 2.8545572757720947 1.1160870790481567
5.86025333404541 4.043820381164551 2.7801544666290283 1.0706040859222412
5.717104911804199 3.958014965057373 2.72184419631958 1.041803240776062
5.592886924743652 3.885676383972168 2.673238754272461 1.0182433128356934
5.470518112182617 3.8102030754089355 2.6171274185180664 0.9903262257575989
5.326401233673096 3.707733392715454 2.5305778980255127 0.9315831065177917
5.183990955352783 3.6041486263275146 2.4418389797210693 0.8798210620880127
5.032555103302002 3.4887866973876953 2.3412983417510986 0.8091170191764832
4.818302154541016 3.311807632446289 2.177222967147827 0.6666813492774963
4.695916175842285 3.2260375022888184 2.106541156768799 0.6194491386413574
4.368941783905029 3.010382890701294 1.9428561925888062 0.519195020198822
4.211538314819336 2.875974655151367 1.8367185592651367 0.45923396944999695
4.079623699188232 2.773737668991089 1.7565568685531616 0.4164640009403229
3.9497594833374023 2.6869935989379883 1.6863162517547607 0.3673110902309418
3.7624003887176514 2.527846097946167 1.5539195537567139 0.281902015209198
3.624523401260376 2.424321174621582 1.4707063436508179 0.23146796226501465
3.505467176437378 2.341334819793701 1.4066283702850342 0.19765998423099518
3.4123589992523193 2.2826080322265625 1.3641544580459595 0.18105898797512054
3.3140690326690674 2.215985059738159 1.3161790370941162 0.16663800179958344
3.211765766143799 2.142317533493042 1.262270450592041 0.1466769576072693
3.0054030418395996 2.018789052963257 1.1836589574813843 0.126414954662323
2.9158992767333984 1.951496958732605 1.134671688079834 0.1114719957113266
2.832766056060791 1.8894743919372559 1.0887644290924072 0.09694898128509521
2.7568089962005615 1.8338432312011719 1.0489555597305298 0.08737298846244812
2.682422637939453 1.7773303985595703 1.008993148803711 0.07745398581027985
2.611452102661133 1.7232462167739868 0.9680652618408203 0.0682629719376564
2.549299478530884 1.6821551322937012 0.9380987882614136 0.061292994767427444
2.4935574531555176 1.6482771635055542 0.9146366119384766 0.05637599900364876
2.427288055419922 1.6022063493728638 0.8792532682418823 0.04787299782037735
2.3609471321105957 1.5572844743728638 0.8442754149436951 0.04257099702954292
2.1969058513641357 1.458878755569458 0.7881894111633301 0.037765998393297195
2.1293060779571533 1.4104729890823364 0.7499521970748901 0.03355399891734123
2.0733561515808105 1.3735932111740112 0.7230542898178101 0.03089599683880806
2.017216920852661 1.3338083028793335 0.6927819848060608 0.026162002235651016
1.9673058986663818 1.2996102571487427 0.6676743626594543 0.023511003702878952
1.922764539718628 1.2687841653823853 0.6445142030715942 0.021091999486088753
1.8714931011199951 1.2306149005889893 0.6141270399093628 0.01878500171005726
1.8249927759170532 1.1960841417312622 0.586887001991272 0.016416000202298164
1.7805495262145996 1.1629866361618042 0.561489999294281 0.014707998372614384
1.7413700819015503 1.1343001127243042 0.5402570962905884 0.012674997560679913
1.6242674589157104 1.0595412254333496 0.5065959095954895 0.010726000182330608
1.5864061117172241 1.0310084819793701 0.48451393842697144 0.009410998784005642
1.548467993736267 1.0016788244247437 0.4611929953098297 0.008248998783528805
1.5096631050109863 0.9717725515365601 0.4392770826816559 0.007303998805582523
1.4673811197280884 0.9385755658149719 0.4187769889831543 0.006472999230027199
1.4228888750076294 0.9031262993812561 0.3994939923286438 0.00576599920168519
1.3703162670135498 0.8599893450737 0.37725895643234253 0.004973998758941889
1.3172444105148315 0.8163614869117737 0.3555029034614563 0.004397999029606581
1.2663884162902832 0.7739027738571167 0.3341650068759918 0.003724000183865428
1.2219761610031128 0.7368195056915283 0.3151559829711914 0.0031820000149309635
1.131897211074829 0.6796334981918335 0.29181694984436035 0.0026760001201182604
1.1058099269866943 0.6569693088531494 0.2785669267177582 0.0022910002153366804
1.0855555534362793 0.6389252543449402 0.266944944858551 0.002005000365898013
1.0705814361572266 0.6250640749931335 0.2575879693031311 0.0017549999756738544
1.0557820796966553 0.6113629341125488 0.24754098057746887 0.0014580002753064036
1.0495481491088867 0.6050011515617371 0.24058093130588531 0.001251000096090138
1.0435326099395752 0.5988244414329529 0.2323349416255951 0.0010910001583397388
1.0392093658447266 0.594971239566803 0.22353290021419525 0.000957000011112541
1.036601185798645 0.5929774045944214 0.21335797011852264 0.0008420000085607171
1.033704400062561 0.5913254022598267 0.2034759372472763 0.0007310000364668667
0.9757710695266724 0.5577922463417053 0.19163598120212555 0.0006580000044777989
0.9653788805007935 0.5493792295455933 0.1868399679660797 0.000610999995842576
0.9499891996383667 0.5360501408576965 0.18295495212078094 0.0005610000807791948
0.9318858981132507 0.5196441411972046 0.17770594358444214 0.0005150000215508044
0.9154589772224426 0.5043570399284363 0.17144295573234558 0.0004759999574162066
0.9042587280273438 0.49344104528427124 0.16511297225952148 0.0004430000262800604
0.8962666392326355 0.4852830469608307 0.15933597087860107 0.0004119999648537487
0.8883253931999207 0.477358877658844 0.15383800864219666 0.0003839999553747475
0.8788381814956665 0.4695299565792084 0.14914196729660034 0.00036099995486438274
0.8656267523765564 0.4607100188732147 0.14462697505950928 0.00034399997093714774
0.8133251667022705 0.4367450177669525 0.13714799284934998 0.0003299999807495624
0.7886901497840881 0.4238991141319275 0.1329049915075302 0.00032199997804127634
0.7550724744796753 0.40578991174697876 0.12765397131443024 0.0002800000074785203
0.7247411012649536 0.3883271813392639 0.12321098893880844 0.00010000000474974513
0.6993956565856934 0.3732500374317169 0.12000300735235214 7.400000322377309e-05
0.6802811026573181 0.3612830638885498 0.11751700192689896 7.000000186963007e-05
0.6615238785743713 0.34746405482292175 0.1107730120420456 3.000000106112566e-05
0.6469919681549072 0.33666208386421204 0.10656300187110901 2.8000000384054147e-05
0.6372147798538208 0.3298819661140442 0.10412700474262238 7.999999979801942e-06
0.6244397163391113 0.32056593894958496 0.10097498446702957 6.000000212225132e-06
0.592635989189148 0.3049609661102295 0.09636999666690826 6.000000212225132e-06
0.5812998414039612 0.29633697867393494 0.0937579944729805 6.000000212225132e-06
0.5670319199562073 0.2854539752006531 0.09101700037717819 4.999999873689376e-06
0.5498446822166443 0.2718219459056854 0.08738700300455093 9.999999974752427e-07
0.5327264070510864 0.2581008970737457 0.08378499001264572 9.999999974752427e-07
0.5180718898773193 0.2461879700422287 0.080501988530159 9.999999974752427e-07
0.5039857029914856 0.23447296023368835 0.07669498771429062 9.999999974752427e-07
0.48925167322158813 0.221844881772995 0.07009999454021454 0.0
0.4814594089984894 0.2161039561033249 0.06781397759914398 0.0
0.47261545062065125 0.20948398113250732 0.06504299491643906 0.0
0.4483392834663391 0.1983819156885147 0.06130298599600792 0.0
0.4399952292442322 0.19222702085971832 0.05835499241948128 0.0
0.432565301656723 0.18682995438575745 0.05545199289917946 0.0
0.42461326718330383 0.18083496391773224 0.05187799036502838 0.0
0.419585257768631 0.1775529682636261 0.050336990505456924 0.0
0.4147562086582184 0.17442189157009125 0.04914599284529686 0.0
0.41022220253944397 0.17149889469146729 0.0481019988656044 0.0
0.40702754259109497 0.1698048859834671 0.04746599122881889 0.0
0.4033462405204773 0.1678629070520401 0.04697999358177185 0.0
0.3991643488407135 0.16563691198825836 0.04649399593472481 0.0
0.3835184872150421 0.1607879251241684 0.04585700482130051 0.0
0.37672436237335205 0.15575991570949554 0.04238399863243103 0.0
0.3714931309223175 0.15240992605686188 0.04084300249814987 0.0
0.36746424436569214 0.15023092925548553 0.04033699631690979 0.0
0.3632151782512665 0.14778292179107666 0.03950199484825134 0.0
0.3590850532054901 0.14557895064353943 0.03914399817585945 0.0
0.3547850251197815 0.14331094920635223 0.038802001625299454 0.0
0.3501870930194855 0.14095795154571533 0.038460999727249146 0.0
0.3457852900028229 0.13877394795417786 0.03811899945139885 0.0
0.341230183839798 0.13643695414066315 0.037473998963832855 0.0
0.32725095748901367 0.1320468932390213 0.03700099512934685 0.0
0.32387110590934753 0.13071691989898682 0.036914996802806854 0.0
0.3203240931034088 0.1292409598827362 0.036671996116638184 0.0
0.31620317697525024 0.12721192836761475 0.03589799627661705 0.0
0.31102102994918823 0.12411394715309143 0.03381500020623207 0.0
0.3059649169445038 0.12119094282388687 0.031909000128507614 0.0
0.3020989000797272 0.11952196806669235 0.03128599748015404 0.0
0.29897889494895935 0.11863898485898972 0.03140199929475784 0.0
0.29540199041366577 0.11733993887901306 0.031069999560713768 0.0
0.29075998067855835 0.11499696969985962 0.029599996283650398 0.0
0.2778790295124054 0.1105709820985794 0.02834499627351761 0.0
0.27415287494659424 0.10919196903705597 0.027906998991966248 0.0
0.27059194445610046 0.10802197456359863 0.027542997151613235 0.0
0.26550978422164917 0.10529399663209915 0.025626005604863167 0.0
0.2598329782485962 0.10193198174238205 0.02305600233376026 0.0
0.25625079870224 0.10056795179843903 0.022331001237034798 0.0
0.25319787859916687 0.09964492917060852 0.022007999941706657 0.0
0.2504409849643707 0.0989239439368248 0.02177099697291851 0.0
0.24761292338371277 0.09808894246816635 0.021432999521493912 0.0
0.24411189556121826 0.09665195643901825 0.020838003605604172 0.0
0.23381875455379486 0.09327494353055954 0.020426999777555466 0.0
0.23042084276676178 0.09193694591522217 0.020167002454400063 0.0
0.22677481174468994 0.09044995903968811 0.019993996247649193 0.0
0.2230367362499237 0.08889598399400711 0.019864998757839203 0.0
0.21915178000926971 0.08721699565649033 0.019717998802661896 0.0
0.21530169248580933 0.08555398136377335 0.019585998728871346 0.0
0.21126282215118408 0.08369796723127365 0.019280999898910522 0.0
0.20718586444854736 0.08179297298192978 0.018910003826022148 0.0
0.2029189020395279 0.07965795695781708 0.018268002197146416 0.0
0.19851188361644745 0.07735198736190796 0.01742599904537201 0.0
0.1888548731803894 0.07331497967243195 0.01646500453352928 0.0
0.184829980134964 0.07115397602319717 0.015647999942302704 0.0
0.1814059615135193 0.06946498900651932 0.01510700024664402 0.0
0.17851896584033966 0.06821098178625107 0.014874001033604145 0.0
0.17620988190174103 0.06744299083948135 0.014963998459279537 0.0
0.17411789298057556 0.06684897094964981 0.015153998509049416 0.0
0.1723317950963974 0.06657098233699799 0.015617999248206615 0.0
0.17075879871845245 0.06654099375009537 0.016280999407172203 0.0
0.16949690878391266 0.06682698428630829 0.017194999381899834 0.0
0.16853481531143188 0.06745899468660355 0.01846900023519993 0.0
0.1634768694639206 0.0668409913778305 0.01990099810063839 0.0
0.16266490519046783 0.06761497259140015 0.021383000537753105 0.0
0.161565899848938 0.0680219903588295 0.0225480068475008 0.0
0.1602388620376587 0.0680679976940155 0.02334500290453434 0.0
0.15875181555747986 0.06785201281309128 0.02384199947118759 0.0
0.1573118269443512 0.06765499711036682 0.024351000785827637 0.0
0.155836820602417 0.06741198152303696 0.024840999394655228 0.0
0.15444189310073853 0.06719698011875153 0.025357002392411232 0.0
0.15319190919399261 0.06706399470567703 0.025857996195554733 0.0
0.15205489099025726 0.06700798124074936 0.02641899697482586 0.0
0.14766792953014374 0.0658550038933754 0.027025999501347542 0.0
0.14668488502502441 0.06589397042989731 0.027684999629855156 0.0
0.14578483998775482 0.06598998606204987 0.028401000425219536 0.0
0.14491687715053558 0.06610798090696335 0.02918199822306633 0.0
0.144064798951149 0.06625498831272125 0.03001900017261505 0.0
0.14335580170154572 0.0664839819073677 0.03092600405216217 0.0
0.1422448456287384 0.06633298844099045 0.031589001417160034 0.0
0.14035190641880035 0.06539695709943771 0.031550001353025436 0.0
0.13940784335136414 0.0652729719877243 0.032124992460012436 0.0
0.13856087625026703 0.065125972032547 0.03258299082517624 0.0
0.13502492010593414 0.06392397731542587 0.0328889936208725 0.0
0.1341978758573532 0.06353995949029922 0.03289199247956276 0.0
0.1334289014339447 0.06311996281147003 0.03275999426841736 0.0
0.13279686868190765 0.06272096931934357 0.032507993280887604 0.0
0.13211292028427124 0.062254976481199265 0.032180994749069214 0.0
0.13159890472888947 0.06189198046922684 0.03189399838447571 0.0
0.13099393248558044 0.06137697398662567 0.031363002955913544 0.0
0.13083893060684204 0.06121998280286789 0.031081998720765114 0.0
0.13114790618419647 0.061454977840185165 0.031045999377965927 0.0
0.1316809207201004 0.06189298257231712 0.03117699734866619 0.0
0.129925936460495 0.061549991369247437 0.03144599869847298 0.0
0.13109090924263 0.06249099224805832 0.032058995217084885 0.0
0.13260887563228607 0.06373898684978485 0.032927993685007095 0.0
0.13445192575454712 0.06527497619390488 0.03403298929333687 0.0
0.13619688153266907 0.06682799756526947 0.0353039912879467 0.0
0.1387108564376831 0.06895796954631805 0.03688199818134308 0.0
0.14160381257534027 0.07147198170423508 0.03878099471330643 0.0
0.14474783837795258 0.0742419958114624 0.040922995656728745 0.0
0.14816583693027496 0.07728397846221924 0.0432870015501976 0.0
0.15190489590168 0.08067197352647781 0.04594400152564049 0.0
0.15327683091163635 0.08318197727203369 0.048796992748975754 0.0
0.15735585987567902 0.08696398138999939 0.05183300003409386 0.0
0.16170085966587067 0.09102196991443634 0.05509500205516815 0.0
0.16637787222862244 0.09543199092149734 0.05863599106669426 0.0
0.1713367998600006 0.10014700144529343 0.062473997473716736 0.0
0.17656691372394562 0.10516800731420517 0.06661699712276459 0.0
0.18215987086296082 0.11057799309492111 0.07109099626541138 0.0
0.18813380599021912 0.11640197783708572 0.07595599442720413 0.0
0.1944797784090042 0.12262801080942154 0.08123700320720673 0.0
0.20127785205841064 0.12933799624443054 0.08697199076414108 0.0
0.2061809003353119 0.1355229616165161 0.09349798411130905 0.0
0.21383684873580933 0.14314596354961395 0.10024899244308472 0.0
0.22170689702033997 0.15101595222949982 0.10722098499536514 0.0
0.22985291481018066 0.15918000042438507 0.11451399326324463 0.0
0.23850888013839722 0.1678829938173294 0.12242799252271652 0.0
0.24761490523815155 0.1770709902048111 0.1309189796447754 0.0
0.2569650113582611 0.1865290254354477 0.13975200057029724 0.0
0.26834815740585327 0.19806702435016632 0.15060999989509583 0.0
0.27907803654670715 0.20898598432540894 0.16095300018787384 0.0
0.29175207018852234 0.22187696397304535 0.17334796488285065 0.0
0.30308130383491516 0.2346639633178711 0.18699097633361816 0.0
0.3177582919597626 0.2496289610862732 0.20155398547649384 0.0
0.33294543623924255 0.26512816548347473 0.21672698855400085 0.0
0.33478739857673645 0.26730215549468994 0.218548983335495 0.0
0.32633545994758606 0.2591841220855713 0.21010899543762207 0.0
0.32197821140289307 0.25519001483917236 0.20576699078083038 0.0
0.32138940691947937 0.25498509407043457 0.20528100430965424 0.0
0.31906136870384216 0.2530800998210907 0.2031089961528778 0.0
0.3347114324569702 0.26916825771331787 0.21894998848438263 0.0
0.3510502576828003 0.28598710894584656 0.2356879860162735 0.0
0.3658442795276642 0.3023190498352051 0.253430038690567 0.0
0.38218623399734497 0.3191770911216736 0.2703680396080017 0.0
0.39851638674736023 0.33606213331222534 0.287401020526886 0.0
0.41329318284988403 0.35141104459762573 0.3029460310935974 0.0
0.43275219202041626 0.3714349865913391 0.32312700152397156 0.0
0.3633022904396057 0.30257901549339294 0.25433602929115295 0.0
0.2975962162017822 0.23748397827148438 0.18919001519680023 0.0
0.2371368408203125 0.17764396965503693 0.12914100289344788 0.0
0.1823638379573822 0.12349698692560196 0.07466299831867218 0.0
0.13298295438289642 0.07473400235176086 0.025456000119447708 0.0
0.1283278465270996 0.0715559870004654 0.02323799952864647 0.0
0.12116289883852005 0.06500198692083359 0.016534999012947083 0.0
0.11815092712640762 0.06259898841381073 0.014141000807285309 0.0
0.11465489119291306 0.05968599393963814 0.011709999293088913 0.0
0.11391589790582657 0.05950198695063591 0.012389000505208969 0.0
0.11299390345811844 0.05915798246860504 0.013061000034213066 0.0
0.1128498911857605 0.05959400162100792 0.013899998739361763 0.0
0.11514891684055328 0.06253597885370255 0.015110000967979431 0.0
0.11930489540100098 0.06734497100114822 0.016421999782323837 0.0
0.12680292129516602 0.07554297894239426 0.017937999218702316 0.0
0.13204891979694366 0.08211195468902588 0.019235998392105103 0.0
0.13936090469360352 0.089960977435112 0.020547999069094658 0.0
0.14388491213321686 0.09481397271156311 0.02211199700832367 0.0
0.14713488519191742 0.09828697890043259 0.023456996306777 0.0
0.15016891062259674 0.10146300494670868 0.02469499595463276 0.0
0.15219292044639587 0.10355401039123535 0.02572299912571907 0.0
0.1543499380350113 0.10571400076150894 0.027480997145175934 0.0
0.15715688467025757 0.10846497863531113 0.029544999822974205 0.0
0.1370229572057724 0.08823099732398987 0.00836199801415205 0.0
0.13563895225524902 0.08669398725032806 0.005627998150885105 0.0
0.13483089208602905 0.08626800030469894 0.005555998999625444 0.0
0.13683593273162842 0.08804398775100708 0.005588999018073082 0.0
0.13907194137573242 0.09002896398305893 0.005738999228924513 0.0
0.14100293815135956 0.09171199798583984 0.0056219990365207195 0.0
0.14305193722248077 0.09350801259279251 0.005650999024510384 0.0
0.14503392577171326 0.0952179953455925 0.005643999204039574 0.0
0.14704491198062897 0.09693600237369537 0.005716999527066946 0.0
0.14898192882537842 0.09855596721172333 0.005900999531149864 0.0
0.15109293162822723 0.10032298415899277 0.006087000016123056 0.0
0.1533108949661255 0.10219596326351166 0.0062769996002316475 0.0
0.15229392051696777 0.10142698138952255 0.006384999491274357 0.0
0.15394094586372375 0.10275298357009888 0.006149998866021633 0.0
0.15589091181755066 0.10438897460699081 0.006394999101758003 0.0
0.15802188217639923 0.10619895905256271 0.00652399891987443 0.0
0.15954190492630005 0.10740397870540619 0.0058899992145597935 0.0
0.15992189943790436 0.10745298117399216 0.004614999983459711 0.0
0.16006694734096527 0.10725798457860947 0.003336000256240368 0.0
0.16110990941524506 0.10795900970697403 0.002347000176087022 0.0
0.16280892491340637 0.1093200147151947 0.0022730000782757998 0.0
0.16526292264461517 0.11143798381090164 0.0022539999336004257 0.0
0.16356593370437622 0.10994701832532883 0.0020459999796003103 0.0
0.1653839647769928 0.1114099994301796 0.0019279998959973454 0.0
0.1672959327697754 0.11295702308416367 0.0015820000553503633 0.0
0.1696118712425232 0.1148739755153656 0.0014690000098198652 0.0
0.1721799075603485 0.1170399934053421 0.0015260000946000218 0.0
0.17502087354660034 0.11946497857570648 0.00165200000628829 0.0
0.17780886590480804 0.12182600051164627 0.001875000074505806 0.0
0.18064190447330475 0.12421997636556625 0.0020890000741928816 0.0
0.1835889220237732 0.12669497728347778 0.0024660001508891582 0.0
0.18631689250469208 0.12890401482582092 0.0027860000263899565 0.0
0.1832248717546463 0.125792995095253 0.002377999946475029 0.0
0.18379487097263336 0.1257239729166031 0.0018869999330490828 0.0
0.1848638951778412 0.12617899477481842 0.0015879999846220016 0.0
0.18648482859134674 0.12718598544597626 0.0019859999883919954 0.0
0.18916381895542145 0.1292659342288971 0.0024800000246614218 0.0
0.19220784306526184 0.13175195455551147 0.0028000001329928637 0.0
0.1939559280872345 0.13297200202941895 0.0009450000361539423 0.0
0.19789789617061615 0.13640595972537994 0.000957000011112541 0.0
0.20219692587852478 0.14022499322891235 0.0009280000813305378 0.0
0.20666594803333282 0.1442440152168274 0.0008830000879243016 0.0
0.2049988955259323 0.1426980197429657 0.0009750000317580998 0.0
0.20916691422462463 0.14644598960876465 0.00113800005055964 0.0
0.2127348929643631 0.14959600567817688 0.0012030000798404217 0.0
0.2160569727420807 0.15250499546527863 0.0009830000344663858 0.0
0.2191348373889923 0.1551619917154312 0.0009599999175406992 0.0
0.2217899113893509 0.15739598870277405 0.0009449999779462814 0.0
0.22440992295742035 0.1595899611711502 0.0012150000547990203 0.0
0.22661392390727997 0.16137000918388367 0.001521000056527555 0.0
0.2289028763771057 0.16326001286506653 0.0018640001071617007 0.0
0.23044387996196747 0.1644119918346405 0.0017960001714527607 0.0
0.22499980032444 0.15920495986938477 0.0013540000654757023 0.0
0.22677281498908997 0.16064000129699707 0.0011129999766126275 0.0
0.2280568778514862 0.16159699857234955 0.0008890000754036009 0.0
0.230930894613266 0.1641710102558136 0.0007050000713206828 0.0
0.23409783840179443 0.1670519858598709 0.0007719999994151294 0.0
0.23714391887187958 0.16983498632907867 0.0008529999759048223 0.0
0.23975883424282074 0.172200009226799 0.0009670000290498137 0.0
0.24227191507816315 0.17448300123214722 0.0011529999319463968 0.0
0.2445819079875946 0.1765889823436737 0.001366000040434301 0.0
0.2471989095211029 0.17901897430419922 0.0015560000902041793 0.0
0.2421509027481079 0.17437301576137543 0.001496999990195036 0.0
0.24384690821170807 0.17591999471187592 0.0015150001272559166 0.0
0.24545492231845856 0.1773909628391266 0.0013630000175908208 0.0
0.24639591574668884 0.17820598185062408 0.0011449999874457717 0.0
0.2475128471851349 0.179205983877182 0.0010270000202581286 0.0
0.2478528916835785 0.17943403124809265 0.0009319999953731894 0.0
0.24888688325881958 0.18035700917243958 0.0008099999977275729 0.0
0.24976187944412231 0.18112394213676453 0.0007900000782683492 0.0
0.25068992376327515 0.18195000290870667 0.0007190000033006072 0.0
0.25159698724746704 0.18276897072792053 0.00076299998909235 0.0
0.24588297307491302 0.1774670034646988 0.0006290000164881349 0.0
0.24612592160701752 0.1776599884033203 0.0005119999404996634 0.0
0.24690499901771545 0.17842398583889008 0.0004060000355821103 0.0
0.24828092753887177 0.1798119992017746 0.0004110000154469162 0.0
0.249258890748024 0.18085001409053802 0.0004299999854993075 0.0
0.2512339949607849 0.1829269826412201 0.00046799995470792055 0.0
0.25290414690971375 0.1847189962863922 0.0004970000009052455 0.0
0.25441205501556396 0.18637695908546448 0.0005169999785721302 0.0
0.25522303581237793 0.18735195696353912 0.000522000016644597 0.0
0.2554911673069 0.18778596818447113 0.0005260000471025705 0.0
0.2503529489040375 0.1831509917974472 0.000493000028654933 0.0
0.24949891865253448 0.18244898319244385 0.0004290000069886446 0.0
0.24768488109111786 0.1807929426431656 0.0003649999853223562 0.0
0.24535688757896423 0.1786169558763504 0.00033599999733269215 0.0
0.24257789552211761 0.17598998546600342 0.0002930000191554427 0.0
0.23952588438987732 0.17311598360538483 0.00028199999360367656 0.0
0.2360009104013443 0.16977497935295105 0.00020700000459328294 0.0
0.232590913772583 0.1665639579296112 0.00014899999951012433 0.0
0.2291179597377777 0.163300022482872 9.40000027185306e-05 0.0
0.22558793425559998 0.15999998152256012 6.200000643730164e-05 0.0
0.21934397518634796 0.1542230248451233 4.600000102072954e-05 0.0
0.2160879522562027 0.15122997760772705 3.199999991920777e-05 0.0
0.2129330039024353 0.1483510136604309 2.89999989036005e-05 0.0
0.2099539190530777 0.14566001296043396 2.499999936844688e-05 0.0
0.20698392391204834 0.1429930180311203 1.9999999494757503e-05 0.0
0.20414994657039642 0.1404700130224228 1.5999999959603883e-05 0.0
0.20135186612606049 0.13799001276493073 1.4999999621068127e-05 0.0
0.19874291121959686 0.1356939673423767 1.3999999282532372e-05 0.0
0.19613492488861084 0.13340497016906738 1.3999999282532372e-05 0.0
0.1935758888721466 0.13114698231220245 1.2999998943996616e-05 0.0
0.18959388136863708 0.12759897112846375 1.1000000085914508e-05 0.0
0.18701186776161194 0.12530197203159332 9.999999747378752e-06 0.0
0.1845218390226364 0.12307997792959213 9.999999747378752e-06 0.0
0.1819678395986557 0.12077897787094116 7.999999979801942e-06 0.0
0.1794658601284027 0.1185149997472763 7.999999979801942e-06 0.0
0.1769208312034607 0.11619099974632263 7.000000096013537e-06 0.0
0.17443493008613586 0.11390897631645203 4.999999873689376e-06 0.0
0.1718709021806717 0.11153797805309296 4.999999873689376e-06 0.0
0.16933991014957428 0.10916498303413391 4.999999873689376e-06 0.0
0.16669592261314392 0.10666497051715851 4.999999873689376e-06 0.0
0.1634749323129654 0.10363797843456268 3.000000106112566e-06 0.0
0.1608758270740509 0.10114796459674835 1.9999999949504854e-06 0.0
0.15829184651374817 0.09865299612283707 1.9999999949504854e-06 0.0
0.1559199094772339 0.09635698050260544 1.9999999949504854e-06 0.0
0.15356089174747467 0.0940689966082573 1.9999999949504854e-06 0.0
0.15118390321731567 0.09176699072122574 1.9999999949504854e-06 0.0
0.1491408497095108 0.08978397399187088 9.999999974752427e-07 0.0
0.1471918523311615 0.08788599818944931 9.999999974752427e-07 0.0
0.1452879011631012 0.08604297041893005 9.999999974752427e-07 0.0
0.14356288313865662 0.0843769907951355 0.0 0.0
0.1417539119720459 0.082644984126091 0.0 0.0
0.14016889035701752 0.08111697435379028 0.0 0.0
0.13869383931159973 0.07969897240400314 0.0 0.0
0.13731886446475983 0.07836896926164627 0.0 0.0
0.1357598751783371 0.07686098664999008 0.0 0.0
0.13412189483642578 0.07528398931026459 0.0 0.0
0.1324029117822647 0.0736049935221672 0.0 0.0
0.13069291412830353 0.07192298769950867 0.0 0.0
0.12912791967391968 0.07037899643182755 0.0 0.0
0.12755295634269714 0.06881899386644363 0.0 0.0
0.12605597078800201 0.06732698529958725 0.0 0.0
0.12446796149015427 0.06573300063610077 0.0 0.0
0.12337996810674667 0.06463399529457092 0.0 0.0
0.12236999720335007 0.06360000371932983 0.0 0.0
0.12144298106431961 0.0626479983329773 0.0 0.0
0.12054197490215302 0.06172499060630798 0.0 0.0
0.11960798501968384 0.06076699495315552 0.0 0.0
0.11865196377038956 0.05979399383068085 0.0 0.0
0.11784295737743378 0.058970995247364044 0.0 0.0
0.11681394279003143 0.05793299525976181 0.0 0.0
0.11583895236253738 0.05695999041199684 0.0 0.0
0.11493496596813202 0.05606299266219139 0.0 0.0
0.11400196701288223 0.05515299364924431 0.0 0.0
0.1131739690899849 0.05434899032115936 0.0 0.0
0.11212196201086044 0.05333299934864044 0.0 0.0
0.11095596849918365 0.05220899358391762 0.0 0.0
0.10966295003890991 0.05095899477601051 0.0 0.0
0.1084449514746666 0.049793992191553116 0.0 0.0
0.10708395391702652 0.04849199205636978 0.0 0.0
0.10566194355487823 0.04711900278925896 0.0 0.0
0.10421893000602722 0.04572799429297447 0.0 0.0
0.10283993184566498 0.044374994933605194 0.0 0.0
0.1013079285621643 0.042879000306129456 0.0 0.0
0.09998292475938797 0.04157499223947525 0.0 0.0
0.09870892763137817 0.04030199721455574 0.0 0.0
0.09759295731782913 0.03918398916721344 0.0 0.0
0.09655296802520752 0.03811998665332794 0.0 0.0
0.09567496180534363 0.037233997136354446 0.0 0.0
0.09493494778871536 0.03647598996758461 0.0 0.0
0.09415792673826218 0.0356609933078289 0.0 0.0
0.09354592859745026 0.03499799966812134 0.0 0.0
0.09283892065286636 0.034234993159770966 0.0 0.0
0.09201394766569138 0.033362001180648804 0.0 0.0
0.09105194360017776 0.03235900029540062 0.0 0.0
0.0903029590845108 0.0315760001540184 0.0 0.0
0.08937393873929977 0.030613001435995102 0.0 0.0
0.08860094100236893 0.029803000390529633 0.0 0.0
0.08806193619966507 0.029238004237413406 0.0 0.0
0.08726894855499268 0.028418004512786865 0.0 0.0
0.08636294305324554 0.027476001530885696 0.0 0.0
0.08561796694993973 0.026712000370025635 0.0 0.0
0.08483798056840897 0.02590400166809559 0.0 0.0
0.08423197269439697 0.025273000821471214 0.0 0.0
0.0834609717130661 0.02447100169956684 0.0 0.0
0.08287297189235687 0.023855000734329224 0.0 0.0
0.08234195411205292 0.023274999111890793 0.0 0.0
0.0819159597158432 0.022815000265836716 0.0 0.0
0.08140797168016434 0.022252999246120453 0.0 0.0
0.08099199086427689 0.021781999617815018 0.0 0.0
0.08057397603988647 0.021303001791238785 0.0 0.0
0.08026695996522903 0.02092600241303444 0.0 0.0
0.07994594424962997 0.020538005977869034 0.0 0.0
0.0795229822397232 0.020040003582835197 0.0 0.0
0.07923297584056854 0.019671006128191948 0.0 0.0
0.07892594486474991 0.019270004704594612 0.0 0.0
0.07873594760894775 0.01897500455379486 0.0 0.0
0.07849795371294022 0.018609002232551575 0.0 0.0
0.07848096638917923 0.01843300275504589 0.0 0.0
0.07833396643400192 0.01810700260102749 0.0 0.0
0.07845696806907654 0.018024999648332596 0.0 0.0
0.07808995246887207 0.01743900403380394 0.0 0.0
0.0779629647731781 0.01709800213575363 0.0 0.0
0.07774397730827332 0.016625000163912773 0.0 0.0
0.07788395881652832 0.016505001112818718 0.0 0.0
0.07793797552585602 0.01629500463604927 0.0 0.0
0.07760995626449585 0.01570199988782406 0.0 0.0
0.07753396779298782 0.01536600012332201 0.0 0.0
0.07750695943832397 0.015114000998437405 0.0 0.0
0.07713697105646133 0.014542002230882645 0.0 0.0
0.0765569806098938 0.013886000029742718 0.0 0.0
0.07559196650981903 0.012911001220345497 0.0 0.0
0.07526499032974243 0.012467000633478165 0.0 0.0
0.07556798309087753 0.012416000477969646 0.0 0.0
0.07631197571754456 0.012612000107765198 0.0 0.0
0.07721498608589172 0.01296599954366684 0.0 0.0
0.07787498086690903 0.013168999925255775 0.0 0.0
0.07845599204301834 0.01334999967366457 0.0 0.0
0.07913298159837723 0.013634000904858112 0.0 0.0
0.07977799326181412 0.013900999911129475 0.0 0.0
0.08022397011518478 0.014033999294042587 0.0 0.0
0.08038397133350372 0.014004000462591648 0.0 0.0
0.08040197193622589 0.013882998377084732 0.0 0.0
0.08045297861099243 0.013812998309731483 0.0 0.0
0.08059898763895035 0.013814999721944332 0.0 0.0
0.08062397688627243 0.013687998987734318 0.0 0.0
0.08042296767234802 0.013334999792277813 0.0 0.0
0.08044997602701187 0.013225000351667404 0.0 0.0
0.08048297464847565 0.01308599952608347 0.0 0.0
0.08002597838640213 0.012445999309420586 0.0 0.0
0.08004797995090485 0.012303998693823814 0.0 0.0
0.07971197366714478 0.011792999692261219 0.0 0.0
0.07968997210264206 0.011610000394284725 0.0 0.0
0.0790969580411911 0.010846000164747238 0.0 0.0
0.0789099633693695 0.010495999827980995 0.0 0.0
0.07898497581481934 0.010422000661492348 0.0 0.0
0.07846896350383759 0.009763999842107296 0.0 0.0
0.07859097421169281 0.00976799987256527 0.0 0.0
0.07854896783828735 0.009622001089155674 0.0 0.0
0.07881496101617813 0.009793000295758247 0.0 0.0
0.07873696088790894 0.009635001420974731 0.0 0.0
0.07886496186256409 0.009732001461088657 0.0 0.0
0.07894696295261383 0.009719999507069588 0.0 0.0
0.07909896224737167 0.00978699978441 0.0 0.0
0.07928396761417389 0.009902997873723507 0.0 0.0
0.07948195934295654 0.010034999810159206 0.0 0.0
0.0797329694032669 0.010211998596787453 0.0 0.0
0.07984696328639984 0.010253998450934887 0.0 0.0
0.08010996878147125 0.010444999672472477 0.0 0.0
0.08016697317361832 0.010454999282956123 0.0 0.0
0.08032996207475662 0.010532000102102757 0.0 0.0
0.08042296767234802 0.010542999021708965 0.0 0.0
0.08041097223758698 0.010458998382091522 0.0 0.0
0.08035197108983994 0.010333998128771782 0.0 0.0
0.08019097149372101 0.010132999159395695 0.0 0.0
0.07981298863887787 0.009763001464307308 0.0 0.0
0.07929598540067673 0.009209999814629555 0.0 0.0
0.07861097902059555 0.00849900022149086 0.0 0.0
0.07811496406793594 0.00796900037676096 0.0 0.0
0.07744897902011871 0.007294999901205301 0.0 0.0
0.07664698362350464 0.0065289996564388275 0.0 0.0
0.07609397172927856 0.005968999583274126 0.0 0.0
0.07582097500562668 0.005680998787283897 0.0 0.0
0.07524297386407852 0.005105999298393726 0.0 0.0
0.07497097551822662 0.004834998864680529 0.0 0.0
0.07461796700954437 0.004565999377518892 0.0 0.0
0.07427797466516495 0.004297999665141106 0.0 0.0
0.07397596538066864 0.0041129994206130505 0.0 0.0
0.07367097586393356 0.003952999599277973 0.0 0.0
0.0735589787364006 0.003982999827712774 0.0 0.0
0.07338996976613998 0.004038000013679266 0.0 0.0
0.0732489675283432 0.004071999806910753 0.0 0.0
0.07311595231294632 0.004112999886274338 0.0 0.0
0.07292796671390533 0.004116999916732311 0.0 0.0
0.07277897745370865 0.0041509997099637985 0.0 0.0
0.07248197495937347 0.004139999859035015 0.0 0.0
0.07235497236251831 0.004242999944835901 0.0 0.0
0.07225698232650757 0.004359999671578407 0.0 0.0
0.07211696356534958 0.00447199959307909 0.0 0.0
0.0719759613275528 0.004536999389529228 0.0 0.0
0.07187396287918091 0.004648000001907349 0.0 0.0
0.07158596068620682 0.004544999450445175 0.0 0.0
0.07129795849323273 0.004460999742150307 0.0 0.0
0.0709739699959755 0.004273999482393265 0.0 0.0
0.0707559734582901 0.004151999484747648 0.0 0.0
0.07030998170375824 0.0037960000336170197 0.0 0.0
0.07003897428512573 0.003548000007867813 0.0 0.0
0.06980399042367935 0.0032399999909102917 0.0 0.0
0.06936897337436676 0.0028210000600665808 0.0 0.0
0.06895695626735687 0.0025080000050365925 0.0 0.0
0.06850995868444443 0.002284000162035227 0.0 0.0
0.06822195649147034 0.0021280001383274794 0.0 0.0
0.06791596114635468 0.002015999983996153 0.0 0.0
0.06773397326469421 0.0019740001298487186 0.0 0.0
0.06753397732973099 0.0019469999242573977 0.0 0.0
0.06734097003936768 0.0019459999166429043 0.0 0.0
0.06701897829771042 0.0019730001222342253 0.0 0.0
0.06671696901321411 0.001998000079765916 0.0 0.0
0.06647297739982605 0.0020240000449121 0.0 0.0
0.06610196828842163 0.0020389999262988567 0.0 0.0
0.06571397185325623 0.0020619998686015606 0.0 0.0
0.06537297368049622 0.002102999947965145 0.0 0.0
0.06494597345590591 0.0020729999523609877 0.0 0.0
0.06455197185277939 0.0020959998946636915 0.0 0.0
0.06407397240400314 0.0020360001362860203 0.0 0.0
0.06347597390413284 0.001947999931871891 0.0 0.0
0.0630209818482399 0.0019069999689236283 0.0 0.0
0.06264197826385498 0.0018119999440386891 0.0 0.0
0.0620349757373333 0.001631000079214573 0.0 0.0
0.06154298037290573 0.0014939999673515558 0.0 0.0
0.060986969619989395 0.0014169999631121755 0.0 0.0
0.06048297509551048 0.001167000038549304 0.0 0.0
0.05998997017741203 0.001029999926686287 0.0 0.0
0.059508971869945526 0.0009309999877586961 0.0 0.0
0.0590059719979763 0.0008549999911338091 0.0 0.0
0.058457985520362854 0.0007099999929778278 0.0 0.0
0.057798970490694046 0.0006079999729990959 0.0 0.0
0.05703996866941452 0.0005360000068321824 0.0 0.0
0.056442972272634506 0.0004879999905824661 0.0 0.0
0.055731963366270065 0.0004579999949783087 0.0 0.0
0.055126965045928955 0.0004249999765306711 0.0 0.0
0.05451296642422676 0.0003980000037699938 0.0 0.0
0.05398496985435486 0.0003690000157803297 0.0 0.0
0.05341096594929695 0.00031499998294748366 0.0 0.0
0.05284496769309044 0.00027200000477023423 0.0 0.0
0.05233197659254074 0.0002519999979995191 0.0 0.0
0.051502980291843414 0.00023800000781193376 0.0 0.0
0.050783976912498474 0.00022500001068692654 0.0 0.0
0.04998498409986496 0.00020900000527035445 0.0 0.0
0.049293987452983856 0.00019600000814534724 0.0 0.0
0.048495981842279434 0.00018400000408291817 0.0 0.0
0.04791797697544098 0.00016900000628083944 0.0 0.0
0.047021977603435516 0.00015999999595806003 0.0 0.0
0.04642597958445549 0.00015199999324977398 0.0 0.0
0.045794978737831116 0.00014000000373926014 0.0 0.0
0.04511597380042076 0.0001320000010309741 0.0 0.0
