0.000000000000000000e+00
4.118399694561958313e-02
6.077600643038749695e-02
1.667489707469940186e-01
5.843510031700134277e-01
1.268980026245117188e+00
1.533959805965423584e-01
7.609099149703979492e-02
8.779898285865783691e-02
1.654839664697647095e-01
3.963389694690704346e-01
5.927592515945434570e-01
8.670482039451599121e-01
1.255387187004089355e+00
2.007093667984008789e+00
3.808011054992675781e+00
1.277906322479248047e+01
3.280067682266235352e+00
2.629637002944946289e+00
2.748506069183349609e+00
5.598173618316650391e+00
6.459627628326416016e+00
8.142576217651367188e+00
3.550417423248291016e+00
1.327001810073852539e+00
1.593946576118469238e+00
2.588766574859619141e+00
2.645223617553710938e+00
4.789731025695800781e+00
2.976826286315917969e+01
2.970721006393432617e+00
1.250373005867004395e+00
1.101462960243225098e+00
1.270872950553894043e+00
1.682267904281616211e+00
2.089779853820800781e+00
2.252370595932006836e+00
2.605038881301879883e+00
2.861949682235717773e+00
2.933467149734497070e+00
2.979187011718750000e+00
3.483940601348876953e+00
5.731833457946777344e+00
6.531025886535644531e+00
5.431445598602294922e+00
4.709977149963378906e+00
3.652279376983642578e+00
2.471300363540649414e+00
1.776005864143371582e+00
1.184278011322021484e+00
8.567621707916259766e-01
6.815330386161804199e-01
5.490154027938842773e-01
5.073331594467163086e-01
5.625251531600952148e-01
6.961729526519775391e-01
9.301481842994689941e-01
1.353041887283325195e+00
1.694170832633972168e+00
1.668692827224731445e+00
1.555067539215087891e+00
1.667983889579772949e+00
1.785017609596252441e+00
2.112698793411254883e+00
5.621305465698242188e+00
2.006583213806152344e+01
1.243724346160888672e+01
1.660782814025878906e+00
1.432890772819519043e+00
8.842100143432617188e+00
2.493163108825683594e+01
1.150143527984619141e+01
3.393917083740234375e+00
2.887625694274902344e+00
2.208350658416748047e+00
1.093791365623474121e+00
5.351679921150207520e-01
3.679340183734893799e-01
3.437189757823944092e-01
4.449010193347930908e-01
5.193378925323486328e-01
5.352649688720703125e-01
5.436179637908935547e-01
5.546220541000366211e-01
5.534190535545349121e-01
5.742079019546508789e-01
6.499530076980590820e-01
7.262170910835266113e-01
7.508339881896972656e-01
6.289569735527038574e-01
4.471269547939300537e-01
3.343589603900909424e-01
4.355479776859283447e-01
6.904339790344238281e-01
2.007845878601074219e+00
1.806338071823120117e+00
1.614424943923950195e+00
1.536087989807128906e+00
1.453848123550415039e+00
1.225028991699218750e+00
9.529210329055786133e-01
7.948839664459228516e-01
6.939269900321960449e-01
6.919959783554077148e-01
5.274699926376342773e-01
6.185719370841979980e-01
8.330910205841064453e-01
7.287499904632568359e-01
6.276119947433471680e-01
5.604929924011230469e-01
4.963049888610839844e-01
4.402769207954406738e-01
3.823909759521484375e-01
3.763989806175231934e-01
3.780389726161956787e-01
3.659729659557342529e-01
2.606029212474822998e-01
1.464060097932815552e-01
1.132789924740791321e-01
1.202249974012374878e-01
1.760940104722976685e-01
5.211969614028930664e-01
6.409480571746826172e-01
1.035249903798103333e-01
5.962228775024414062e-01
4.626329541206359863e-01
3.374769687652587891e-01
2.829689681529998779e-01
2.657469809055328369e-01
2.465359866619110107e-01
2.364079654216766357e-01
2.363349944353103638e-01
2.385439574718475342e-01
2.471399903297424316e-01
2.592650055885314941e-01
2.767539322376251221e-01
2.952619493007659912e-01
3.074079453945159912e-01
3.198379576206207275e-01
3.328349590301513672e-01
3.389680087566375732e-01
3.401729464530944824e-01
3.450730144977569580e-01
3.466290533542633057e-01
3.437759280204772949e-01
3.434759676456451416e-01
3.492490053176879883e-01
3.617899715900421143e-01
3.691549599170684814e-01
3.761190176010131836e-01
3.870739638805389404e-01
4.073820412158966064e-01
4.298409521579742432e-01
4.546310603618621826e-01
4.807860553264617920e-01
5.038591027259826660e-01
5.319740176200866699e-01
5.562389492988586426e-01
5.793420672416687012e-01
6.030749678611755371e-01
6.274802088737487793e-01
6.560420393943786621e-01
6.849653720855712891e-01
7.203351855278015137e-01
7.625961303710937500e-01
8.141502737998962402e-01
8.772490620613098145e-01
9.402073025703430176e-01
1.004705905914306641e+00
1.072080254554748535e+00
1.137275576591491699e+00
1.214153170585632324e+00
1.302241683006286621e+00
1.377289533615112305e+00
1.465550065040588379e+00
1.557280063629150391e+00
1.655556082725524902e+00
1.733616709709167480e+00
1.802489280700683594e+00
1.869637727737426758e+00
1.933056950569152832e+00
1.997533798217773438e+00
2.068898439407348633e+00
2.150097131729125977e+00
2.241986751556396484e+00
2.339113712310791016e+00
2.433701038360595703e+00
2.524054050445556641e+00
2.624861001968383789e+00
2.747499942779541016e+00
2.883409023284912109e+00
3.025606393814086914e+00
3.178053379058837891e+00
3.352003574371337891e+00
3.121148347854614258e+00
3.802867174148559570e+00
4.061303615570068359e+00
4.330904006958007812e+00
4.617723941802978516e+00
4.904894351959228516e+00
5.191727638244628906e+00
5.164121627807617188e+00
5.705816745758056641e+00
5.954185009002685547e+00
6.257248401641845703e+00
6.745997428894042969e+00
7.075284481048583984e+00
7.514361858367919922e+00
7.845241546630859375e+00
8.249887466430664062e+00
8.689228057861328125e+00
9.180132865905761719e+00
9.686467170715332031e+00
1.029544925689697266e+01
1.066192531585693359e+01
1.137438678741455078e+01
1.214764690399169922e+01
1.299317359924316406e+01
1.399920082092285156e+01
1.492670726776123047e+01
1.617081642150878906e+01
1.754742622375488281e+01
1.875258445739746094e+01
2.018071174621582031e+01
2.166014862060546875e+01
2.337107849121093750e+01
2.560153198242187500e+01
2.779974555969238281e+01
3.005523681640625000e+01
3.221422958374023438e+01
3.457270431518554688e+01
3.717903137207031250e+01
3.997829818725585938e+01
4.310342025756835938e+01
4.620748519897460938e+01
4.991689300537109375e+01
5.492106628417968750e+01
5.863524246215820312e+01
6.307345581054687500e+01
6.783023834228515625e+01
7.296544647216796875e+01
7.772957611083984375e+01
8.260765838623046875e+01
8.820119476318359375e+01
9.458219909667968750e+01
1.006591339111328125e+02
1.129054794311523438e+02
1.225002517700195312e+02
1.359295349121093750e+02
1.508890228271484375e+02
1.757730102539062500e+02
2.101773529052734375e+02
2.426834259033203125e+02
2.736985168457031250e+02
2.936613159179687500e+02
3.158125915527343750e+02
3.687993469238281250e+02
3.996133422851562500e+02
4.333433227539062500e+02
4.687463684082031250e+02
5.043378295898437500e+02
5.381815185546875000e+02
5.721166992187500000e+02
6.238557128906250000e+02
6.910721435546875000e+02
7.820871582031250000e+02
1.028651977539062500e+03
1.208339477539062500e+03
1.433744262695312500e+03
1.673567504882812500e+03
1.938752075195312500e+03
2.183405273437500000e+03
2.413976318359375000e+03
2.628982177734375000e+03
2.701000244140625000e+03
2.822079589843750000e+03
2.864885009765625000e+03
2.982892089843750000e+03
3.099164062500000000e+03
3.204046142578125000e+03
3.248477783203125000e+03
3.250868408203125000e+03
3.247519775390625000e+03
3.247323486328125000e+03
3.244748291015625000e+03
3.238792724609375000e+03
3.013655273437500000e+03
8.805676269531250000e+02
2.958380371093750000e+03
2.933183349609375000e+03
2.925458984375000000e+03
2.891506591796875000e+03
2.843050292968750000e+03
2.840049560546875000e+03
2.849276367187500000e+03
2.850916259765625000e+03
2.671666259765625000e+03
2.703856201171875000e+03
2.704362792968750000e+03
2.681182128906250000e+03
2.677134765625000000e+03
2.724053466796875000e+03
2.768554931640625000e+03
2.900349609375000000e+03
3.033335449218750000e+03
3.149631835937500000e+03
2.835816406250000000e+03
2.808399414062500000e+03
2.832652343750000000e+03
2.882791015625000000e+03
2.897820800781250000e+03
2.838216552734375000e+03
2.699521240234375000e+03
2.651452148437500000e+03
2.557599609375000000e+03
2.494006835937500000e+03
2.364211181640625000e+03
2.341647949218750000e+03
2.307525634765625000e+03
2.275258300781250000e+03
2.241180419921875000e+03
2.188214843750000000e+03
1.998427368164062500e+03
1.928117187500000000e+03
1.989912231445312500e+03
1.909461181640625000e+03
1.873281005859375000e+03
1.898947265625000000e+03
1.943475463867187500e+03
1.916376831054687500e+03
1.901085083007812500e+03
1.935173095703125000e+03
1.933692382812500000e+03
1.982371826171875000e+03
2.013930297851562500e+03
2.041526977539062500e+03
1.932402343750000000e+03
1.925140991210937500e+03
1.905446411132812500e+03
1.876140991210937500e+03
1.826078247070312500e+03
1.800404663085937500e+03
1.818869140625000000e+03
1.804606811523437500e+03
1.783546142578125000e+03
1.701649169921875000e+03
1.508584472656250000e+03
1.422695190429687500e+03
1.377250610351562500e+03
1.336396972656250000e+03
1.324250244140625000e+03
1.221019897460937500e+03
1.205398193359375000e+03
1.182661499023437500e+03
1.189950195312500000e+03
1.175347412109375000e+03
1.018943664550781250e+03
1.003239196777343750e+03
9.660562133789062500e+02
9.390220947265625000e+02
9.200615844726562500e+02
9.044423828125000000e+02
8.838999023437500000e+02
8.705641479492187500e+02
8.733052368164062500e+02
8.952587890625000000e+02
7.495949707031250000e+02
7.707579956054687500e+02
7.882998657226562500e+02
7.913639526367187500e+02
7.908472900390625000e+02
7.671785278320312500e+02
7.555925903320312500e+02
6.864508056640625000e+02
6.738466186523437500e+02
6.569992065429687500e+02
5.904512329101562500e+02
5.723218994140625000e+02
5.495069580078125000e+02
5.224780883789062500e+02
5.296382446289062500e+02
4.937180175781250000e+02
4.562150878906250000e+02
3.827100219726562500e+02
3.153633422851562500e+02
2.631028747558593750e+02
2.093184356689453125e+02
2.018169555664062500e+02
1.972894592285156250e+02
1.960963134765625000e+02
1.964781341552734375e+02
1.980984649658203125e+02
2.029617004394531250e+02
2.095475158691406250e+02
2.207685699462890625e+02
2.244227752685546875e+02
1.484325408935546875e+02
1.388836517333984375e+02
1.314862365722656250e+02
1.242838363647460938e+02
1.184308471679687500e+02
7.417930603027343750e+01
1.049657058715820312e+02
9.764876556396484375e+01
9.258502197265625000e+01
8.858892059326171875e+01
7.629382324218750000e+01
7.221488952636718750e+01
6.766888427734375000e+01
6.247954940795898438e+01
5.680682373046875000e+01
5.092988967895507812e+01
4.547277069091796875e+01
3.989949798583984375e+01
3.483740615844726562e+01
3.074673080444335938e+01
2.359424018859863281e+01
2.083933830261230469e+01
1.834002494812011719e+01
1.609407615661621094e+01
1.345351505279541016e+01
1.168625831604003906e+01
1.038250350952148438e+01
9.251143455505371094e+00
8.238489151000976562e+00
7.215741157531738281e+00
5.631322860717773438e+00
5.096836566925048828e+00
4.638930320739746094e+00
4.257719516754150391e+00
3.935119390487670898e+00
3.612628698348999023e+00
3.352161169052124023e+00
3.102062225341796875e+00
2.896243810653686523e+00
2.699624776840209961e+00
2.179322004318237305e+00
1.811569213867187500e+00
1.580440044403076172e+00
1.512376546859741211e+00
1.290045142173767090e+00
1.167819142341613770e+00
1.086482644081115723e+00
1.023877024650573730e+00
9.406809806823730469e-01
8.522499799728393555e-01
7.007370591163635254e-01
6.230911612510681152e-01
5.582468509674072266e-01
4.926400780677795410e-01
4.211210310459136963e-01
3.617970943450927734e-01
3.319819867610931396e-01
3.114019632339477539e-01
2.764489948749542236e-01
2.549049854278564453e-01
2.117749154567718506e-01
1.969209760427474976e-01
1.856849491596221924e-01
1.712179481983184814e-01
1.606450080871582031e-01
1.497740149497985840e-01
1.398929953575134277e-01
1.295629888772964478e-01
1.214759871363639832e-01
1.137539744377136230e-01
9.240399301052093506e-02
8.727499097585678101e-02
8.205900341272354126e-02
7.726097851991653442e-02
7.259399443864822388e-02
7.026699185371398926e-02
6.794099509716033936e-02
6.695898622274398804e-02
6.731999665498733521e-02
6.957799941301345825e-02
6.146499514579772949e-02
6.675399839878082275e-02
7.479500025510787964e-02
8.421199023723602295e-02
9.147398173809051514e-02
9.476297348737716675e-02
9.075198322534561157e-02
8.101200312376022339e-02
6.947499513626098633e-02
6.205898895859718323e-02
5.129898339509963989e-02
5.633698776364326477e-02
6.353198736906051636e-02
6.855199486017227173e-02
6.732399016618728638e-02
6.139599531888961792e-02
5.479899421334266663e-02
4.907799512147903442e-02
4.466799646615982056e-02
4.065200313925743103e-02
3.069700114428997040e-02
2.890500240027904510e-02
2.785900235176086426e-02
2.619900368154048920e-02
2.367600239813327789e-02
2.101000212132930756e-02
1.867699995636940002e-02
1.665399968624114990e-02
1.517899893224239349e-02
1.399799995124340057e-02
1.101300027221441269e-02
1.030000019818544388e-02
9.593999944627285004e-03
8.755999617278575897e-03
7.871999405324459076e-03
6.975999567657709122e-03
6.082999985665082932e-03
5.286000203341245651e-03
4.610999953001737595e-03
4.010000266134738922e-03
3.038000082597136497e-03
2.700999844819307327e-03
2.449000021442770958e-03
2.253999933600425720e-03
2.112000016495585442e-03
1.997000072151422501e-03
1.909999991767108440e-03
1.845000078901648521e-03
1.743999891914427280e-03
1.601000083610415459e-03
1.325999968685209751e-03
1.264999969862401485e-03
1.166999922133982182e-03
1.076000044122338295e-03
9.940001182258129120e-04
9.120000177063047886e-04
8.340000058524310589e-04
7.569999434053897858e-04
6.939999875612556934e-04
6.430000648833811283e-04
5.540000274777412415e-04
5.270000547170639038e-04
5.029999883845448494e-04
4.810000245925039053e-04
4.639999824576079845e-04
4.470000276342034340e-04
4.290000069886445999e-04
4.140000091865658760e-04
3.959999885410070419e-04
3.770000184886157513e-04
3.310000174678862095e-04
3.150000120513141155e-04
2.979999990202486515e-04
2.830000012181699276e-04
2.690000110305845737e-04
2.570000069681555033e-04
2.470000181347131729e-04
2.370000147493556142e-04
2.270000113639980555e-04
2.209999947808682919e-04
2.000000094994902611e-04
1.930000144056975842e-04
1.880000054370611906e-04
1.820000034058466554e-04
1.770000089891254902e-04
1.740000006975606084e-04
1.700000138953328133e-04
1.660000125411897898e-04
1.610000035725533962e-04
1.570000022184103727e-04
1.460000057704746723e-04
1.460000057704746723e-04
1.540000084787607193e-04
1.720000000204890966e-04
2.189999941037967801e-04
3.279999655205756426e-04
5.980000132694840431e-04
1.200999948196113110e-03
2.449000021442770958e-03
4.948000423610210419e-03
6.652000360190868378e-03
1.030000019818544388e-02
1.219799928367137909e-02
1.165900006890296936e-02
9.572000242769718170e-03
7.844000123441219330e-03
6.280000321567058563e-03
5.018000025302171707e-03
4.052000120282173157e-03
3.297000192105770111e-03
1.946999924257397652e-03
1.607999904081225395e-03
1.337999827228486538e-03
1.124999835155904293e-03
9.519999730400741100e-04
8.200000156648457050e-04
7.120000082068145275e-04
6.300000241026282310e-04
5.620000301860272884e-04
5.110000493004918098e-04
3.879999858327209949e-04
3.649999853223562241e-04
3.440000000409781933e-04
3.279999946244060993e-04
3.109999815933406353e-04
2.939999685622751713e-04
2.789999998640269041e-04
2.669999958015978336e-04
2.539999841246753931e-04
2.409999869996681809e-04
2.050000039162114263e-04
1.929999998537823558e-04
1.820000034058466554e-04
1.689999917289242148e-04
1.549999869894236326e-04
1.429999829269945621e-04
1.329999940935522318e-04
1.210000045830383897e-04
1.100000081351026893e-04
1.000000047497451305e-04
8.100000559352338314e-05
7.200000254670158029e-05
6.400000711437314749e-05
5.700000474462285638e-05
5.000000237487256527e-05
4.400000034365803003e-05
3.800000558840110898e-05
3.300000025774352252e-05
2.899999890360049903e-05
2.400000084890052676e-05
1.899999915622174740e-05
1.499999962106812745e-05
1.399999928253237158e-05
1.299999894399661571e-05
1.200000042445026338e-05
9.999999747378751636e-06
7.999999979801941663e-06
7.999999979801941663e-06
7.000000096013536677e-06
7.000000096013536677e-06
6.000000212225131691e-06
4.999999873689375818e-06
4.999999873689375818e-06
3.999999989900970832e-06
3.999999989900970832e-06
3.999999989900970832e-06
3.000000106112565845e-06
3.000000106112565845e-06
3.000000106112565845e-06
3.000000106112565845e-06
3.000000106112565845e-06
3.000000106112565845e-06
3.999999989900970832e-06
3.000000106112565845e-06
1.999999994950485416e-06
1.999999994950485416e-06
1.999999994950485416e-06
1.999999994950485416e-06
1.999999994950485416e-06
1.999999994950485416e-06
1.999999994950485416e-06
1.999999994950485416e-06
3.000000106112565845e-06
3.000000106112565845e-06
1.999999994950485416e-06
1.999999994950485416e-06
1.999999994950485416e-06
1.999999994950485416e-06
1.999999994950485416e-06
1.999999994950485416e-06
1.999999994950485416e-06
3.000000106112565845e-06
1.999999994950485416e-06
1.999999994950485416e-06
1.999999994950485416e-06
3.000000106112565845e-06
1.999999994950485416e-06
1.999999994950485416e-06
1.999999994950485416e-06
1.999999994950485416e-06
1.999999994950485416e-06
3.000000106112565845e-06
3.000000106112565845e-06
3.000000106112565845e-06
3.000000106112565845e-06
3.000000106112565845e-06
3.000000106112565845e-06
3.000000106112565845e-06
3.000000106112565845e-06
3.000000106112565845e-06
3.000000106112565845e-06
3.000000106112565845e-06
3.000000106112565845e-06
3.000000106112565845e-06
3.000000106112565845e-06
3.000000106112565845e-06
3.000000106112565845e-06
3.000000106112565845e-06
3.000000106112565845e-06
3.000000106112565845e-06
3.000000106112565845e-06
3.000000106112565845e-06
3.000000106112565845e-06
3.000000106112565845e-06
3.000000106112565845e-06
3.000000106112565845e-06
3.000000106112565845e-06
3.000000106112565845e-06
3.000000106112565845e-06
3.000000106112565845e-06
3.000000106112565845e-06
3.000000106112565845e-06
3.000000106112565845e-06
3.000000106112565845e-06
1.999999994950485416e-06
1.999999994950485416e-06
1.999999994950485416e-06
1.999999994950485416e-06
1.999999994950485416e-06
1.999999994950485416e-06
1.999999994950485416e-06
9.999999974752427079e-07
9.999999974752427079e-07
9.999999974752427079e-07
9.999999974752427079e-07
9.999999974752427079e-07
9.999999974752427079e-07
0.000000000000000000e+00
0.000000000000000000e+00
0.000000000000000000e+00
0.000000000000000000e+00
0.000000000000000000e+00
9.999999974752427079e-07
1.999999994950485416e-06
3.000000106112565845e-06
4.999999873689375818e-06
5.999999757477780804e-06
1.100000008591450751e-05
1.999999949475750327e-05
3.500000093481503427e-05
6.600000051548704505e-05
1.080000001820735633e-04
1.710000069579109550e-04
2.610000083222985268e-04
3.849999920930713415e-04
5.489999894052743912e-04
7.670000195503234863e-04
1.028000027872622013e-03
1.306000049225986004e-03
1.614000066183507442e-03
2.001000102609395981e-03
2.311000134795904160e-03
2.881000051274895668e-03
3.529000096023082733e-03
4.253000020980834961e-03
5.050000268965959549e-03
5.907000042498111725e-03
6.825000047683715820e-03
7.782999891787767410e-03
8.775000460445880890e-03
1.032800041139125824e-02
1.128800027072429657e-02
1.226199977099895477e-02
1.324100047349929810e-02
1.421099994331598282e-02
1.515999995172023773e-02
1.607000082731246948e-02
1.694200001657009125e-02
1.776099950075149536e-02
1.851999945938587189e-02
1.978500001132488251e-02
2.041700109839439392e-02
2.098499983549118042e-02
2.147800102829933167e-02
2.189799956977367401e-02
2.225700020790100098e-02
2.255699969828128815e-02
2.280499972403049469e-02
2.300100028514862061e-02
2.314800024032592773e-02
2.351900003850460052e-02
2.357700094580650330e-02
2.360399998724460602e-02
2.360500022768974304e-02
2.358599938452243805e-02
2.355299890041351318e-02
2.353299967944622040e-02
2.354099974036216736e-02
2.343400008976459503e-02
2.332399971783161163e-02
2.332800067961215973e-02
2.323799952864646912e-02
2.315899915993213654e-02
2.308800071477890015e-02
2.302400022745132446e-02
2.296699956059455872e-02
2.292099967598915100e-02
2.288600057363510132e-02
2.285999990999698639e-02
2.284299954771995544e-02
2.287100069224834442e-02
2.286900021135807037e-02
2.287299931049346924e-02
2.242700010538101196e-02
2.244400046765804291e-02
2.245699986815452576e-02
2.192699909210205078e-02
2.195399999618530273e-02
2.198199927806854248e-02
2.200799994170665741e-02
2.089599892497062683e-02
2.091999910771846771e-02
2.094399929046630859e-02
2.041500061750411987e-02
2.044099941849708557e-02
2.046999894082546234e-02
1.979500055313110352e-02
1.902700029313564301e-02
1.864499971270561218e-02
1.765500009059906006e-02
1.770499907433986664e-02
1.775800064206123352e-02
1.671699993312358856e-02
1.592200063169002533e-02
1.548899989575147629e-02
1.499500032514333725e-02
1.506100036203861237e-02
1.474799960851669312e-02
1.311399973928928375e-02
1.274500042200088501e-02
1.279599964618682861e-02
1.189600024372339249e-02
1.149700023233890533e-02
1.025000028312206268e-02
1.028599962592124939e-02
1.032099965959787369e-02
9.970000013709068298e-03
9.549999609589576721e-03
9.046999737620353699e-03
9.074999950826168060e-03
9.101999923586845398e-03
9.128999896347522736e-03
9.157000109553337097e-03
9.182999841868877411e-03
9.209000505506992340e-03
9.225999936461448669e-03
9.250000119209289551e-03
9.277000091969966888e-03
9.306000545620918274e-03
9.337000548839569092e-03
9.372000582516193390e-03
9.407999925315380096e-03
9.448000229895114899e-03
9.494000114500522614e-03
9.544000029563903809e-03
9.600999765098094940e-03
9.664000011980533600e-03
9.731999598443508148e-03
9.809000417590141296e-03
9.887999854981899261e-03
9.978000074625015259e-03
1.006899960339069366e-02
1.017200015485286713e-02
1.029200013726949692e-02
1.042299997061491013e-02
1.058299932628870010e-02
1.077499985694885254e-02
1.100500021129846573e-02
1.126599963754415512e-02
1.157499942928552628e-02
1.190300006419420242e-02
1.224699988961219788e-02
1.262600068002939224e-02
1.257299911230802536e-02
1.198899932205677032e-02
1.184699963778257370e-02
1.168599911034107208e-02
1.203899923712015152e-02
1.239099912345409393e-02
1.275499910116195679e-02
1.312999986112117767e-02
1.351999957114458084e-02
1.389499939978122711e-02
1.427099946886301041e-02
1.466599944978952408e-02
1.506999973207712173e-02
1.548200007528066635e-02
1.590200141072273254e-02
1.633199863135814667e-02
1.677499897778034210e-02
1.722899824380874634e-02
1.769499853253364563e-02
1.817699894309043884e-02
1.867499947547912598e-02
1.919799856841564178e-02
1.971099898219108582e-02
2.022399939596652985e-02
2.077099867165088654e-02
2.132800035178661346e-02
2.188700065016746521e-02
2.167899906635284424e-02
1.928799971938133240e-02
1.792700029909610748e-02
1.607899926602840424e-02
1.334299985319375992e-02
1.064600050449371338e-02
7.374000269919633865e-03
4.019000101834535599e-03
4.115999676287174225e-03
4.210999701172113419e-03
4.306000191718339920e-03
4.397999960929155350e-03
4.488999955356121063e-03
4.576999694108963013e-03
4.664999898523092270e-03
4.749000072479248047e-03
4.832000005990266800e-03
4.911999683827161789e-03
4.993000067770481110e-03
5.071999970823526382e-03
5.148000083863735199e-03
5.224000196903944016e-03
5.296000279486179352e-03
5.367000121623277664e-03
5.435999948531389236e-03
5.501999985426664352e-03
5.566000007092952728e-03
5.625999998301267624e-03
5.681000184267759323e-03
5.731999874114990234e-03
5.771999713033437729e-03
5.808999761939048767e-03
5.834999959915876389e-03
5.859999917447566986e-03
5.880000069737434387e-03
5.887999664992094040e-03
5.893999710679054260e-03
5.892999935895204544e-03
5.882999859750270844e-03
5.870999768376350403e-03
5.855999886989593506e-03
5.830999929457902908e-03
5.805999971926212311e-03
5.778999999165534973e-03
5.749000236392021179e-03
5.714999977499246597e-03
5.677999928593635559e-03
5.636999849230051041e-03
5.596000235527753830e-03
5.553999915719032288e-03
5.509000271558761597e-03
5.462000146508216858e-03
5.413000006228685379e-03
5.361000075936317444e-03
5.311999935656785965e-03
5.260000005364418030e-03
5.211000330746173859e-03
5.162999965250492096e-03
5.118000321090221405e-03
5.076999776065349579e-03
5.038999952375888824e-03
5.005000159144401550e-03
4.977000411599874496e-03
4.956000018864870071e-03
4.943000152707099915e-03
4.938000347465276718e-03
4.945000167936086655e-03
4.964000079780817032e-03
4.995000082999467850e-03
5.042999982833862305e-03
5.107999779284000397e-03
5.191999953240156174e-03
5.295999813824892044e-03
5.423000082373619080e-03
5.579000338912010193e-03
5.764999892562627792e-03
5.989999976009130478e-03
6.241999566555023193e-03
6.519000045955181122e-03
6.842000409960746765e-03
7.213000208139419556e-03
7.637000177055597305e-03
8.094999939203262329e-03
8.573999628424644470e-03
9.119999594986438751e-03
9.715999476611614227e-03
1.034099981188774109e-02
1.101399958133697510e-02
1.173599995672702789e-02
1.250099949538707733e-02
1.329199969768524170e-02
1.408000010997056961e-02
1.491999998688697815e-02
1.580299995839595795e-02
1.664499938488006592e-02
1.749899983406066895e-02
1.841700077056884766e-02
1.931300014257431030e-02
2.017999999225139618e-02
2.106999978423118591e-02
2.190200053155422211e-02
2.264899946749210358e-02
2.338399924337863922e-02
2.408699877560138702e-02
2.470099925994873047e-02
