8.48 8.9 9.4 9.9 10.5 10.9
5.175971984863281 5.175971984863281 5.175971984863281 4.824640274047852 0.9667620658874512 0.05124199762940407
49.033653259277344 8.936955451965332 8.106565475463867 5.840246677398682 1.0250120162963867 0.059721000492572784
42.60250473022461 9.051450729370117 8.348649024963379 6.055749893188477 1.1002240180969238 0.06966999918222427
41.054866790771484 9.391802787780762 8.6328763961792 6.304070472717285 1.1866241693496704 0.08098699897527695
42.883544921875 9.846124649047852 8.94059944152832 6.5717573165893555 1.2814260721206665 0.09369100630283356
43.834861755371094 10.307255744934082 9.254597663879395 6.8467864990234375 1.3822698593139648 0.10787299275398254
40.9589729309082 10.439029693603516 9.57628345489502 7.128878593444824 1.488624930381775 0.123601995408535
36.87110137939453 10.543498992919922 9.932276725769043 7.438234329223633 1.6054389476776123 0.14182400703430176
29.309471130371094 10.73867416381836 10.327129364013672 7.778855800628662 1.7331770658493042 0.1634959876537323
26.999013900756836 11.210305213928223 10.750489234924316 8.141946792602539 1.8699508905410767 0.18930500745773315
30.095300674438477 11.93471908569336 11.193000793457031 8.512276649475098 2.0121889114379883 0.2189990133047104
30.101882934570312 12.753031730651855 11.621150970458984 8.867805480957031 2.1566288471221924 0.25266098976135254
30.513795852661133 13.459712982177734 12.0595703125 9.213554382324219 2.3020119667053223 0.2892489731311798
31.039894104003906 14.08729362487793 12.506105422973633 9.539106369018555 2.4452147483825684 0.3294700086116791
31.336687088012695 14.376434326171875 13.079602241516113 9.885998725891113 2.5967512130737305 0.37423601746559143
32.38434982299805 14.73526668548584 13.962756156921387 10.288420677185059 2.7649247646331787 0.4241909980773926
39.16667175292969 15.768845558166504 15.093875885009766 10.783172607421875 2.962678909301758 0.48369100689888
29.82008171081543 15.638001441955566 15.23747444152832 11.511533737182617 3.2301323413848877 0.5601040124893188
28.326095581054688 16.546245574951172 16.1938533782959 12.612767219543457 3.6176493167877197 0.658858060836792
27.710893630981445 17.842113494873047 17.586566925048828 13.935895919799805 4.132730007171631 0.7565739750862122
28.71938133239746 18.507585525512695 18.273134231567383 14.66679859161377 4.631102085113525 0.771120011806488
27.94572639465332 17.9516544342041 17.692363739013672 14.393418312072754 4.937817573547363 0.6903949975967407
26.375600814819336 17.062753677368164 16.804433822631836 13.809962272644043 5.040414333343506 0.6181540489196777
24.5577392578125 16.483182907104492 16.247928619384766 13.433480262756348 5.074216365814209 0.5938970446586609
21.552993774414062 16.18777084350586 15.993120193481445 13.274290084838867 5.118602752685547 0.6002269983291626
23.067747116088867 16.112995147705078 15.841217994689941 13.189544677734375 5.171971797943115 0.6161200404167175
25.21456527709961 16.07125473022461 15.692278861999512 13.102078437805176 5.221664905548096 0.6324340105056763
26.17745590209961 16.014373779296875 15.557793617248535 13.018933296203613 5.268626689910889 0.6505300402641296
29.778575897216797 16.140941619873047 15.557669639587402 12.983230590820312 5.321695804595947 0.6748180389404297
47.25850296020508 19.382883071899414 18.24405860900879 13.016700744628906 5.386894226074219 0.7065500617027283
56.363990783691406 17.95518684387207 16.585872650146484 13.105091094970703 5.462400436401367 0.7441929578781128
57.53190231323242 17.486270904541016 15.808915138244629 13.220623970031738 5.540670871734619 0.7852749824523926
58.81372833251953 17.96259307861328 16.01374626159668 13.352255821228027 5.615327835083008 0.8292610049247742
58.116973876953125 18.29977798461914 16.221481323242188 13.502314567565918 5.689899921417236 0.8756459951400757
59.608829498291016 18.770036697387695 16.44556427001953 13.67995548248291 5.77781343460083 0.9245889186859131
62.47430419921875 19.364795684814453 16.70762825012207 13.899243354797363 5.888547897338867 0.9774600267410278
63.92366409301758 19.904172897338867 17.015033721923828 14.173766136169434 6.025554656982422 1.036126971244812
66.93681335449219 20.69428062438965 17.40363311767578 14.500242233276367 6.187523365020752 1.1022409200668335
69.72620391845703 21.55277442932129 17.848434448242188 14.865643501281738 6.36917781829834 1.174111008644104
75.90400695800781 22.429901123046875 18.304244995117188 15.250601768493652 6.567983150482178 1.2502729892730713
90.93952941894531 23.893400192260742 18.84958267211914 15.65037727355957 6.777146339416504 1.331220030784607
130.0652618408203 26.57149887084961 19.439159393310547 16.062318801879883 6.994683265686035 1.4178439378738403
134.84161376953125 29.05543327331543 19.75870132446289 16.471406936645508 7.216944694519043 1.5073920488357544
133.66693115234375 29.22661590576172 20.265642166137695 16.884292602539062 7.445352554321289 1.6005020141601562
166.48663330078125 41.4342041015625 20.77716636657715 17.314680099487305 7.679159641265869 1.6989140510559082
190.02142333984375 40.077232360839844 21.33492660522461 17.77481460571289 7.9080986976623535 1.8019020557403564
139.02537536621094 34.971221923828125 21.904603958129883 18.270845413208008 8.130938529968262 1.910362958908081
147.8091583251953 37.96798324584961 22.69685173034668 18.79360580444336 8.352405548095703 2.0237159729003906
214.55296325683594 49.374210357666016 24.390779495239258 19.378585815429688 8.57873821258545 2.1454648971557617
239.3114776611328 55.2698974609375 26.969369888305664 20.09371566772461 8.810795783996582 2.281881809234619
299.28497314453125 87.07987976074219 30.516624450683594 20.980525970458984 9.03697395324707 2.4332571029663086
309.1009826660156 77.965087890625 34.69322204589844 22.02530288696289 9.213080406188965 2.5780510902404785
372.90069580078125 98.21369171142578 45.474891662597656 23.393878936767578 9.279380798339844 2.6795897483825684
395.6349182128906 105.33901977539062 48.409027099609375 25.362197875976562 9.21788501739502 2.7069621086120605
425.60101318359375 113.28459167480469 48.15264129638672 27.810962677001953 9.072164535522461 2.6722190380096436
465.239501953125 124.11738586425781 47.73076629638672 29.802522659301758 8.914711952209473 2.6127190589904785
537.8212890625 146.2855224609375 52.48978805541992 31.72271156311035 8.785053253173828 2.553931713104248
682.8527221679688 191.22279357910156 64.32352447509766 32.36274719238281 8.683547973632812 2.5018649101257324
733.5914306640625 204.14761352539062 62.72710418701172 28.631181716918945 8.598365783691406 2.454679012298584
879.15869140625 253.8697052001953 73.31580352783203 26.655458450317383 8.547019004821777 2.4099440574645996
1067.010498046875 348.6214294433594 90.92848205566406 27.379213333129883 8.58821964263916 2.3697969913482666
1205.935302734375 388.8654479980469 115.86094665527344 31.459972381591797 8.91666030883789 2.336289167404175
1360.71142578125 444.3375244140625 145.6395263671875 40.28031921386719 9.53173828125 2.327889919281006
1517.1468505859375 499.3966064453125 173.95376586914062 52.851165771484375 10.56686782836914 2.5784637928009033
1737.6917724609375 583.8618774414062 222.49546813964844 86.8839111328125 14.999555587768555 4.891167163848877
2051.639892578125 688.775146484375 277.9926452636719 124.06915283203125 21.618637084960938 7.191956043243408
2253.466796875 742.4891357421875 289.446044921875 122.79048919677734 27.841676712036133 5.798868656158447
2373.33984375 821.7965087890625 337.6477355957031 163.6513671875 46.731998443603516 3.6803383827209473
2795.33837890625 971.9745483398438 407.2983703613281 207.7135009765625 44.4658088684082 6.2439351081848145
3764.734619140625 1254.4017333984375 513.73291015625 252.41310119628906 58.03470993041992 15.902929306030273
5170.0625 1712.1287841796875 677.933349609375 314.58465576171875 89.29609680175781 27.301244735717773
6776.0703125 2282.908203125 860.7825317382812 353.4274597167969 79.33672332763672 16.560476303100586
8787.0615234375 3031.990234375 1108.2030029296875 406.7172546386719 81.58010864257812 13.587372779846191
12590.8095703125 4815.775390625 1874.338134765625 701.87109375 129.3719024658203 29.80748748779297
18130.08203125 7735.1015625 3176.26953125 1169.3878173828125 185.76544189453125 44.72153854370117
22312.951171875 9817.646484375 3939.534423828125 1317.3916015625 206.5580596923828 41.582149505615234
27569.302734375 12376.1279296875 4696.04833984375 1456.0177001953125 235.19615173339844 39.07321548461914
35491.76953125 16732.93359375 6128.0322265625 1914.0679931640625 338.96197509765625 57.15419006347656
44361.77734375 23273.58203125 9838.6220703125 3878.798828125 973.8182983398438 201.841064453125
60231.41015625 36738.17578125 19674.88671875 10346.859375 3852.299560546875 968.2683715820312
85075.2578125 56785.9140625 32816.70703125 18300.232421875 7196.490234375 2088.93798828125
69391.796875 49409.3125 33115.58203125 20622.2421875 8617.9296875 2686.224609375
86458.5625 63323.8203125 43930.94140625 28615.943359375 13296.4814453125 4259.94921875
147116.421875 109383.2734375 75447.09375 51487.36328125 25426.953125 9208.1220703125
151778.375 113172.953125 78508.5078125 53717.22265625 27275.935546875 10542.201171875
156029.625 116167.890625 80005.515625 53309.54296875 25722.482421875 8694.642578125
159418.15625 118360.1953125 80606.640625 52072.9765625 25346.689453125 8638.0244140625
158134.40625 115836.2890625 77129.6640625 50015.52734375 27862.8046875 12281.044921875
146534.203125 102302.609375 61638.4609375 35880.7578125 17047.1171875 6534.05517578125
155808.59375 109708.0390625 65651.015625 36625.546875 14546.5390625 4231.0673828125
152291.796875 107448.375 65331.8203125 36768.1796875 14257.416015625 4362.873046875
106843.078125 71546.140625 41763.8125 22539.267578125 9308.3701171875 3040.554443359375
202483.75 144775.703125 82061.0390625 46197.36328125 19513.546875 6364.60009765625
246277.125 181934.84375 109712.1015625 60867.09375 22942.126953125 6825.35791015625
195374.984375 137636.5 82083.0625 43966.08984375 18050.451171875 6054.9677734375
189431.109375 134170.671875 81232.703125 43162.28515625 18393.333984375 6851.11474609375
193457.390625 137863.109375 83391.5 45288.66796875 19221.373046875 7148.69482421875
197509.46875 140911.734375 84617.7109375 46653.4609375 19083.169921875 6533.21435546875
193399.765625 136280.140625 80630.171875 46528.4296875 19867.49609375 6692.80908203125
187629.125 131321.46875 78159.6953125 47603.55859375 21925.783203125 7881.78955078125
177289.21875 123640.34375 73671.8359375 45070.4921875 20538.068359375 7425.10205078125
152660.078125 102174.8203125 57959.9609375 33588.38671875 14075.0859375 4595.09375
125119.3359375 79174.6953125 42626.6015625 22862.244140625 9041.498046875 2743.214111328125
114034.3984375 69764.34375 34833.6328125 17888.796875 7092.341796875 2046.4205322265625
129174.984375 83498.734375 44364.921875 24451.013671875 11151.1064453125 4429.19140625
131876.046875 89092.7265625 50818.75 30098.822265625 15699.2958984375 7680.00830078125
120142.2421875 79933.4140625 43504.2265625 24271.10546875 11197.2783203125 4795.0703125
111051.015625 74458.65625 40817.5703125 22440.82421875 10023.4375 4397.40869140625
100856.765625 67739.03125 37466.046875 21101.755859375 10270.943359375 5089.44189453125
87622.15625 57772.84765625 31102.6953125 17477.46875 8683.9189453125 4385.5341796875
73944.5234375 47343.640625 23898.861328125 12617.19140625 5872.02294921875 2678.205322265625
57424.6796875 34412.2578125 16428.9609375 7852.33154296875 3165.646728515625 1139.8905029296875
42125.79296875 22947.73046875 9990.126953125 4600.32763671875 1685.7230224609375 533.0780029296875
34468.6171875 17945.3828125 7585.65380859375 3509.418701171875 1239.0611572265625 382.49359130859375
28621.19140625 14428.1923828125 6091.9775390625 2888.922119140625 1006.0737915039062 313.9361267089844
23268.408203125 11253.80859375 4746.56689453125 2326.22314453125 799.2149658203125 233.7519989013672
18854.501953125 8816.556640625 3751.75341796875 1858.4366455078125 582.107666015625 147.96734619140625
12910.0859375 5699.4482421875 2494.11279296875 1254.882080078125 396.2299499511719 105.3670654296875
7946.64208984375 3235.095703125 1500.947265625 855.7451171875 323.7557678222656 107.63179779052734
6634.16162109375 2644.245361328125 1287.1458740234375 776.2447509765625 303.7590026855469 112.71268463134766
6880.12890625 2779.73974609375 1380.9969482421875 837.4389038085938 280.40814208984375 85.3160171508789
7083.9814453125 2853.845458984375 1422.1654052734375 831.2954711914062 244.03048706054688 60.620880126953125
5722.24853515625 2131.565673828125 1017.2030029296875 584.5001831054688 179.32305908203125 44.720760345458984
773.1388549804688 446.77880859375 301.93426513671875 213.964111328125 86.63093566894531 23.854890823364258
4254.1201171875 1572.1982421875 796.78466796875 468.87744140625 148.8211669921875 42.014957427978516
3501.148681640625 1322.6746826171875 700.5079956054688 415.35552978515625 134.4490203857422 39.86637878417969
2668.8896484375 1046.296875 589.4122314453125 345.9298095703125 101.83130645751953 23.529436111450195
1849.9425048828125 657.0133056640625 361.6665954589844 239.6833038330078 88.3226318359375 20.759735107421875
1523.3087158203125 527.7920532226562 294.1316833496094 193.5713653564453 79.65824127197266 20.055572509765625
1297.144775390625 440.3099365234375 244.51730346679688 158.42169189453125 62.67399978637695 17.406803131103516
1125.5826416015625 366.6361999511719 197.7947235107422 123.30610656738281 44.936649322509766 13.047612190246582
992.0670776367188 306.7906494140625 159.48829650878906 95.36835479736328 33.704532623291016 10.676583290100098
868.2146606445312 256.9592590332031 130.0213623046875 75.66278839111328 28.569421768188477 11.34122085571289
789.7490234375 225.72451782226562 112.79364013671875 64.63240814208984 26.770854949951172 12.921875953674316
726.6779174804688 204.44822692871094 102.35501861572266 57.92079162597656 25.832168579101562 13.773161888122559
667.7979125976562 187.33396911621094 94.74259185791016 52.58896255493164 24.58716583251953 13.517107009887695
615.4478149414062 174.207763671875 89.64742279052734 48.62293243408203 23.9604434967041 13.409746170043945
569.9932861328125 164.42831420898438 88.50022888183594 47.47544479370117 26.5561580657959 16.213674545288086
517.7525634765625 151.74647521972656 83.94266510009766 44.76041793823242 26.867660522460938 16.96586036682129
487.1163024902344 143.7077178955078 78.93868255615234 40.98737335205078 25.679548263549805 16.432939529418945
474.6039123535156 141.15802001953125 73.72273254394531 37.55915069580078 24.521604537963867 15.931192398071289
461.6427307128906 136.5864715576172 66.39214324951172 33.1025276184082 21.811504364013672 13.696539878845215
422.1893005371094 127.87284088134766 61.21862030029297 26.697385787963867 16.45746612548828 8.670332908630371
383.847900390625 117.18208312988281 56.406402587890625 21.42198371887207 11.98060131072998 4.553098678588867
313.2593994140625 85.56288146972656 41.29994201660156 18.408309936523438 9.702245712280273 2.6769702434539795
246.42855834960938 65.6279067993164 32.64939498901367 16.814830780029297 8.577491760253906 2.05745792388916
235.7601318359375 63.24647903442383 30.737781524658203 15.878369331359863 7.754932880401611 1.6343601942062378
278.12115478515625 88.28958892822266 39.747528076171875 15.333148956298828 6.957880020141602 1.2009968757629395
247.04234313964844 80.03502655029297 33.77801513671875 15.021501541137695 6.547431945800781 1.0300068855285645
204.9904327392578 65.86870574951172 25.90973472595215 14.887778282165527 6.452381610870361 1.0912410020828247
138.65951538085938 43.22756576538086 20.776643753051758 14.309072494506836 6.4044413566589355 1.326874017715454
94.1812744140625 30.017274856567383 17.961580276489258 13.190343856811523 6.319761753082275 1.7042080163955688
80.42117309570312 25.327007293701172 16.354820251464844 12.292560577392578 6.433595657348633 2.152082920074463
69.57111358642578 22.17952537536621 14.762526512145996 10.996081352233887 5.958262920379639 1.7486249208450317
59.34158706665039 19.80685043334961 12.948761940002441 9.214189529418945 4.862377643585205 0.6919130086898804
53.771949768066406 18.69062042236328 12.042013168334961 8.14050006866455 4.288862705230713 0.4230390191078186
48.27051544189453 18.065837860107422 11.691970825195312 7.303295612335205 3.7828304767608643 0.35890403389930725
45.48545837402344 17.311830520629883 11.414779663085938 6.673272609710693 3.365696907043457 0.27371999621391296
43.02507781982422 16.303674697875977 11.009697914123535 6.328059673309326 3.153158664703369 0.21625301241874695
40.54279708862305 15.154154777526855 10.509664535522461 6.1151604652404785 3.017437696456909 0.1878100037574768
38.48699951171875 14.008110046386719 9.900672912597656 5.848125457763672 2.794001340866089 0.17002399265766144
35.85209655761719 12.777109146118164 9.228857040405273 5.566407680511475 2.5451953411102295 0.1582549810409546
34.84976577758789 11.793164253234863 8.515920639038086 5.286069869995117 2.3094961643218994 0.14403000473976135
34.15803909301758 10.940799713134766 7.850799083709717 5.005180835723877 2.092437505722046 0.13042698800563812
31.543384552001953 9.948652267456055 7.196719169616699 4.72120475769043 1.921115756034851 0.11528199911117554
27.7623348236084 8.795462608337402 6.533292293548584 4.424967288970947 1.7675570249557495 0.09935799986124039
24.8064022064209 7.78596305847168 5.913977146148682 4.14819860458374 1.6604808568954468 0.09323599934577942
22.457157135009766 6.988128185272217 5.4036712646484375 3.8912134170532227 1.5590139627456665 0.08570098876953125
20.545137405395508 6.354691028594971 4.959681034088135 3.6412432193756104 1.4613088369369507 0.07510899752378464
18.89775276184082 5.874870300292969 4.626605033874512 3.452824592590332 1.3919509649276733 0.0678819939494133
17.56289291381836 5.49174165725708 4.354133129119873 3.281050205230713 1.3260549306869507 0.06515999883413315
16.55155372619629 5.210789680480957 4.164412498474121 3.1644749641418457 1.2865841388702393 0.06084999814629555
15.683337211608887 4.980762481689453 4.016864776611328 3.0769286155700684 1.2461460828781128 0.05748499929904938
14.744624137878418 4.759220123291016 3.8670220375061035 2.9793810844421387 1.1992849111557007 0.05024399980902672
13.854840278625488 4.56465482711792 3.743215322494507 2.878425359725952 1.1525341272354126 0.04284600168466568
13.206782341003418 4.421591281890869 3.662684202194214 2.802198886871338 1.1051970720291138 0.039260998368263245
12.629899024963379 4.244734764099121 3.5437629222869873 2.7433056831359863 1.063590168952942 0.038043003529310226
12.075803756713867 4.075307846069336 3.4226670265197754 2.676840305328369 1.0232971906661987 0.034355003386735916
11.56336784362793 3.9200055599212646 3.3092517852783203 2.5972988605499268 0.9760060906410217 0.03291499987244606
11.108728408813477 3.798246145248413 3.2241616249084473 2.539335012435913 0.9401820302009583 0.03028400056064129
10.768999099731445 3.6968700885772705 3.1509859561920166 2.484787940979004 0.9062600135803223 0.026597000658512115
10.461082458496094 3.603595018386841 3.0817525386810303 2.4315600395202637 0.8758888840675354 0.023945000022649765
10.191089630126953 3.520948648452759 3.0213162899017334 2.3805811405181885 0.8452839255332947 0.021828001365065575
9.955438613891602 3.451801061630249 2.9738664627075195 2.330130100250244 0.8136020302772522 0.020562000572681427
9.745016098022461 3.401839017868042 2.946432113647461 2.273162841796875 0.7728140354156494 0.019148001447319984
9.576823234558105 3.4188098907470703 2.987027645111084 2.216674327850342 0.7288220524787903 0.018404999747872353
9.452308654785156 3.5115253925323486 3.102377414703369 2.138254165649414 0.6760590076446533 0.0172520000487566
9.05866527557373 3.33758544921875 2.9484105110168457 2.0584490299224854 0.6229029893875122 0.013988999649882317
8.400429725646973 2.90319561958313 2.531151056289673 1.9870747327804565 0.5833039879798889 0.012923000380396843
8.098861694335938 2.7357828617095947 2.3754584789276123 1.9114969968795776 0.5376339554786682 0.011061999946832657
7.876641750335693 2.6289913654327393 2.277116537094116 1.8538941144943237 0.5085740089416504 0.00911100022494793
7.6970624923706055 2.540728807449341 2.1946916580200195 1.7929991483688354 0.47840598225593567 0.008678999729454517
7.554168224334717 2.468536376953125 2.126831531524658 1.7393370866775513 0.4531770348548889 0.008441999554634094
7.445022106170654 2.416818618774414 2.0791711807250977 1.7010877132415771 0.428866982460022 0.007849999703466892
7.5384392738342285 2.384153366088867 2.0180325508117676 1.6606277227401733 0.401047021150589 0.007263000123202801
7.271157264709473 2.3296515941619873 1.9980518817901611 1.6235358715057373 0.38366901874542236 0.005946999881416559
7.2129106521606445 2.3012452125549316 1.9697165489196777 1.5882318019866943 0.36208298802375793 0.004976999945938587
7.182953357696533 2.2954535484313965 1.9640129804611206 1.561614990234375 0.34747403860092163 0.004991000052541494
7.184605598449707 2.313927173614502 1.983475923538208 1.5295301675796509 0.3216029703617096 0.004532999824732542
7.220701694488525 2.3801894187927246 2.0520200729370117 1.4957948923110962 0.2994999885559082 0.004532999824732542
7.545696258544922 2.736185073852539 2.410541534423828 1.4678549766540527 0.28415098786354065 0.004157999996095896
7.116001605987549 2.183936357498169 1.847456455230713 1.428314447402954 0.2546839714050293 0.004145999904721975
6.9388017654418945 2.184281826019287 1.860109806060791 1.402951955795288 0.24186602234840393 0.0035180000122636557
6.774747848510742 2.0559496879577637 1.731920599937439 1.3741908073425293 0.22350099682807922 0.0033650000113993883
6.69246244430542 2.017406702041626 1.6939098834991455 1.3481627702713013 0.21031200885772705 0.003140999935567379
6.799484729766846 2.019965410232544 1.7016568183898926 1.32614004611969 0.19967998564243317 0.0027840000111609697
6.7395195960998535 1.9837334156036377 1.66470205783844 1.3028208017349243 0.18611599504947662 0.002767999889329076
6.78231143951416 1.9534775018692017 1.6356829404830933 1.2871050834655762 0.17402200400829315 0.002491000108420849
6.7200026512146 1.9202483892440796 1.5991358757019043 1.2574650049209595 0.1531289964914322 0.002345999935641885
6.678668022155762 1.912271499633789 1.5863251686096191 1.241051197052002 0.1442979872226715 0.0020779999904334545
6.701046466827393 1.8925434350967407 1.5621751546859741 1.2146409749984741 0.1316950023174286 0.0018189999973401427
6.770632266998291 1.8800042867660522 1.54328191280365 1.1944080591201782 0.11667999625205994 0.0012009999481961131
6.918155670166016 1.879088044166565 1.5271300077438354 1.177196979522705 0.1072629913687706 0.0009490000084042549
7.237139701843262 1.8872169256210327 1.5115567445755005 1.1626520156860352 0.1012360081076622 0.0009210000280290842
7.421514511108398 1.935375690460205 1.499174952507019 1.14584481716156 0.09317299723625183 0.0007399999885819852
7.557224750518799 1.9346492290496826 1.485751748085022 1.1307259798049927 0.08746799826622009 0.0007130000158213079
7.57571268081665 1.9539625644683838 1.472592830657959 1.1128860712051392 0.08036800473928452 0.0005169999785721302
7.530980110168457 1.9493001699447632 1.4602700471878052 1.0961129665374756 0.07381899654865265 0.000450999999884516
7.559756755828857 1.8596062660217285 1.4407658576965332 1.0741310119628906 0.06536699831485748 0.00030700000934302807
6.864832878112793 1.7399266958236694 1.4247119426727295 1.0558249950408936 0.06039699912071228 0.00022400000307243317
7.0772528648376465 1.7426193952560425 1.4165548086166382 1.0441828966140747 0.056241005659103394 0.00016900000628083944
7.559041500091553 1.7880650758743286 1.4066779613494873 1.0299389362335205 0.052261002361774445 0.00015999999595806003
8.051877975463867 2.0368497371673584 1.3940118551254272 1.0121560096740723 0.045274000614881516 0.00015199999324977398
7.979439735412598 1.9724299907684326 1.3763329982757568 0.990385115146637 0.038715995848178864 0.0001449999981559813
8.165322303771973 2.0104150772094727 1.3704992532730103 0.9804738163948059 0.035360001027584076 0.00013800000306218863
8.31863784790039 2.023754119873047 1.3585548400878906 0.9648269414901733 0.031031999737024307 0.0001320000010309741
8.472732543945312 2.084406852722168 1.3415651321411133 0.9443180561065674 0.028421001508831978 0.0001250000059371814
8.53994083404541 2.0740652084350586 1.321012020111084 0.9204000234603882 0.024587001651525497 0.00011999999696854502
8.630785942077637 2.0567522048950195 1.3097199201583862 0.9060970544815063 0.022520998492836952 8.399999933317304e-05
8.708426475524902 2.035670518875122 1.3035541772842407 0.8967610001564026 0.02026199921965599 7.999999797903001e-05
8.809219360351562 2.007462978363037 1.2892907857894897 0.8796010613441467 0.016912998631596565 4.999999873689376e-05
8.960959434509277 1.978689193725586 1.2727259397506714 0.8605111241340637 0.015575000084936619 4.8000001697801054e-05
9.169236183166504 1.9710410833358765 1.2555888891220093 0.8414918184280396 0.012905998155474663 2.2000000171829015e-05
9.294011116027832 1.9348764419555664 1.237622857093811 0.8223890662193298 0.009847000241279602 1.2999999853491317e-05
9.330343246459961 1.9065361022949219 1.2272469997406006 0.8105071187019348 0.008853999897837639 0.0
9.390178680419922 1.8499895334243774 1.2082602977752686 0.790691077709198 0.008229999803006649 0.0
9.033798217773438 1.7832287549972534 1.190371036529541 0.7711661458015442 0.007307000458240509 0.0
8.9173583984375 1.730786919593811 1.1797051429748535 0.758292019367218 0.006287999916821718 0.0
8.845789909362793 1.6686803102493286 1.1640647649765015 0.7417298555374146 0.0047980002127587795 0.0
8.736855506896973 1.608875036239624 1.1448278427124023 0.7219269871711731 0.004515999928116798 0.0
8.662586212158203 1.5601016283035278 1.1214399337768555 0.6987180709838867 0.0033510003704577684 0.0
8.651008605957031 1.5422627925872803 1.1039999723434448 0.6813820600509644 0.002984000137075782 0.0
8.600987434387207 1.5187931060791016 1.0802478790283203 0.6579729914665222 0.002456000307574868 0.0
8.584159851074219 1.4965816736221313 1.060197353363037 0.6389449238777161 0.0018079999135807157 0.0
8.62944221496582 1.4747745990753174 1.036884069442749 0.6176030039787292 0.001353000057861209 0.0
8.625645637512207 1.4567291736602783 1.0145901441574097 0.5962650775909424 0.0011130000930279493 0.0
8.279979705810547 1.453452467918396 0.9978011846542358 0.5794411301612854 0.0010300000431016088 0.0
8.367988586425781 1.4496445655822754 0.9865180253982544 0.5691111087799072 0.00088900001719594 0.0
8.477936744689941 1.4266616106033325 0.9714432954788208 0.5563139915466309 0.0006830000202171504 0.0
8.577608108520508 1.4018967151641846 0.9563271999359131 0.5430759787559509 0.0006000000284984708 0.0
8.756232261657715 1.3519572019577026 0.9380090236663818 0.5288309454917908 0.0004309999931138009 0.0
8.895051956176758 1.2992849349975586 0.918248176574707 0.5133090019226074 0.00033599999733269215 0.0
8.839317321777344 1.2594035863876343 0.9025551676750183 0.5009180307388306 0.000219000008655712 0.0
8.59749984741211 1.2029287815093994 0.8811051249504089 0.4827909767627716 8.800000068731606e-05 0.0
8.33884334564209 1.1682672500610352 0.863517165184021 0.4673830568790436 8.100000559352338e-05 0.0
8.08144760131836 1.1341677904129028 0.8467079997062683 0.4522390365600586 7.60000039008446e-05 0.0
7.582401752471924 1.1051955223083496 0.8329660296440125 0.4395900070667267 7.000000186963007e-05 0.0
7.345958709716797 1.0686753988265991 0.8161432147026062 0.4236379861831665 6.70000008540228e-05 0.0
7.1435933113098145 1.033494472503662 0.7974430322647095 0.4059799909591675 4.600000102072954e-05 0.0
6.994839668273926 1.0056874752044678 0.7827499508857727 0.3922010064125061 4.400000034365803e-05 0.0
6.889852523803711 0.9835935235023499 0.7712001204490662 0.38147398829460144 2.700000004551839e-05 0.0
6.781221389770508 0.9626325368881226 0.7598279714584351 0.37046799063682556 2.499999936844688e-05 0.0
6.659348011016846 0.9418458938598633 0.7450281381607056 0.356205016374588 1.2000000424450263e-05 0.0
6.574123859405518 0.9283828735351562 0.7351369261741638 0.34674400091171265 1.2000000424450263e-05 0.0
6.499101161956787 0.9145493507385254 0.7238261103630066 0.3361000120639801 0.0 0.0
6.43242073059082 0.9007706642150879 0.7124421000480652 0.32631897926330566 0.0 0.0
6.3834638595581055 0.8848626017570496 0.701166033744812 0.31622299551963806 0.0 0.0
6.3078179359436035 0.8659598231315613 0.6853040456771851 0.3031589686870575 0.0 0.0
6.242280960083008 0.8481578230857849 0.6701200604438782 0.2908119857311249 0.0 0.0
6.168891429901123 0.8263289928436279 0.6518172025680542 0.27603504061698914 0.0 0.0
6.08890438079834 0.8075226545333862 0.6359881162643433 0.2641950249671936 0.0 0.0
5.989201545715332 0.788363516330719 0.6203311681747437 0.2525849938392639 0.0 0.0
5.875607967376709 0.7678624391555786 0.6030610799789429 0.23993301391601562 0.0 0.0
5.763863563537598 0.7453834414482117 0.5834710597991943 0.22579801082611084 0.0 0.0
5.670578956604004 0.7277054190635681 0.5674741268157959 0.2144489884376526 0.0 0.0
5.589033603668213 0.7127715349197388 0.553521990776062 0.20565097033977509 0.0 0.0
5.491910934448242 0.6977783441543579 0.5388110876083374 0.19616501033306122 0.0 0.0
5.383862495422363 0.6812422871589661 0.5227569937705994 0.1861020028591156 0.0 0.0
5.266198635101318 0.6660493612289429 0.5080020427703857 0.1761389970779419 0.0 0.0
5.150111198425293 0.6532772779464722 0.49498000741004944 0.16835199296474457 0.0 0.0
5.040019512176514 0.6409993171691895 0.4814010262489319 0.1598990112543106 0.0 0.0
4.9438157081604 0.6314773559570312 0.4691610336303711 0.15334302186965942 0.0 0.0
4.861758708953857 0.6229194402694702 0.4565420150756836 0.14653100073337555 0.0 0.0
4.79146671295166 0.615471363067627 0.4439060091972351 0.13866698741912842 0.0 0.0
4.731508731842041 0.6090856194496155 0.4312710165977478 0.13154000043869019 0.0 0.0
4.684022903442383 0.6051973104476929 0.41992393136024475 0.12441398948431015 0.0 0.0
4.648489952087402 0.6115126013755798 0.4100419878959656 0.11930198967456818 0.0 0.0
1.9590102434158325 0.4797002375125885 0.37159401178359985 0.11315400153398514 0.0 0.0
4.597706317901611 0.6127803921699524 0.38694801926612854 0.10586799681186676 0.0 0.0
4.57302188873291 0.6161553859710693 0.3762999475002289 0.10007298737764359 0.0 0.0
4.546833515167236 0.6217344403266907 0.3660610318183899 0.09481800347566605 0.0 0.0
4.525404453277588 0.6330755352973938 0.3559289574623108 0.08977600187063217 0.0 0.0
4.494147300720215 0.6435315608978271 0.34577497839927673 0.08530700206756592 0.0 0.0
4.47196102142334 0.6605794429779053 0.3337000012397766 0.0796089917421341 0.0 0.0
4.456515312194824 0.6852253675460815 0.3229910433292389 0.07452799379825592 0.0 0.0
4.452188014984131 0.7195155024528503 0.3135949671268463 0.07004500180482864 0.0 0.0
4.437915802001953 0.7658834457397461 0.3042009770870209 0.06529999524354935 0.0 0.0
4.442761421203613 0.8130953311920166 0.294854998588562 0.06170199438929558 0.0 0.0
4.45810604095459 0.8790515065193176 0.2855299711227417 0.05806499719619751 0.0 0.0
4.452325344085693 0.9220954775810242 0.275130033493042 0.054569996893405914 0.0 0.0
4.4087748527526855 0.9088055491447449 0.2641790211200714 0.050888001918792725 0.0 0.0
4.461114883422852 1.0196712017059326 0.2550530731678009 0.04736200347542763 0.0 0.0
4.480717658996582 1.080353021621704 0.24479496479034424 0.04350699856877327 0.0 0.0
4.54668664932251 1.1941163539886475 0.2366989701986313 0.04037399962544441 0.0 0.0
4.620288848876953 1.3209172487258911 0.2285439670085907 0.037494003772735596 0.0 0.0
4.712338924407959 1.4775660037994385 0.22147297859191895 0.03495299443602562 0.0 0.0
4.453522205352783 1.3230420351028442 0.21512597799301147 0.033135998994112015 0.0 0.0
4.392533302307129 1.3140320777893066 0.2081669718027115 0.030890000984072685 0.0 0.0
4.3166279792785645 1.2899160385131836 0.20118097960948944 0.028304999694228172 0.0 0.0
4.227380275726318 1.2418363094329834 0.19513997435569763 0.0264389980584383 0.0 0.0
4.1200785636901855 1.1682910919189453 0.18926399946212769 0.02423200011253357 0.0 0.0
4.001542091369629 1.0845551490783691 0.1834079921245575 0.022529996931552887 0.0 0.0
3.8553202152252197 0.9544904828071594 0.17730899155139923 0.021204998716711998 0.0 0.0
3.765044927597046 0.9355544447898865 0.1723030060529709 0.019947998225688934 0.0 0.0
3.653050422668457 0.8733643889427185 0.1670689880847931 0.018702000379562378 0.0 0.0
3.5485787391662598 0.8408685922622681 0.16126799583435059 0.017303001135587692 0.0 0.0
3.2850589752197266 0.7012384533882141 0.15616998076438904 0.016020001843571663 0.0 0.0
3.182939052581787 0.6647824645042419 0.15140099823474884 0.014504999853670597 0.0 0.0
3.0942118167877197 0.6269543766975403 0.14697900414466858 0.013445001095533371 0.0 0.0
3.0181145668029785 0.5926093459129333 0.14284399151802063 0.012530999258160591 0.0 0.0
2.939499855041504 0.5582973957061768 0.13908299803733826 0.011781999841332436 0.0 0.0
2.8579330444335938 0.5224283337593079 0.13419301807880402 0.010944999754428864 0.0 0.0
2.7824819087982178 0.4850422739982605 0.1288990080356598 0.009986999444663525 0.0 0.0
2.714343547821045 0.4563782215118408 0.12458599358797073 0.00913199968636036 0.0 0.0
2.6348016262054443 0.42882227897644043 0.12121898680925369 0.00840499997138977 0.0 0.0
2.6008553504943848 0.41251733899116516 0.11789799481630325 0.007877000607550144 0.0 0.0
2.4981276988983154 0.3707672357559204 0.11474797874689102 0.007359000388532877 0.0 0.0
2.467136859893799 0.35980117321014404 0.11154498159885406 0.006708999630063772 0.0 0.0
2.433785915374756 0.3484092652797699 0.10731998831033707 0.006188000086694956 0.0 0.0
2.403809070587158 0.3386921286582947 0.10329797118902206 0.005636000074446201 0.0 0.0
2.36830997467041 0.32867324352264404 0.09986197203397751 0.005150000564754009 0.0 0.0
2.3337364196777344 0.31868213415145874 0.09647698700428009 0.004680999554693699 0.0 0.0
2.304372549057007 0.3098202347755432 0.09338197857141495 0.004207000136375427 0.0 0.0
2.2790589332580566 0.3017371892929077 0.09118199348449707 0.003826999804005027 0.0 0.0
2.255340814590454 0.2938869595527649 0.08914297819137573 0.003570999950170517 0.0 0.0
2.233198404312134 0.2862270176410675 0.08700498193502426 0.0032510000746697187 0.0 0.0
2.1455867290496826 0.2616269886493683 0.08453699201345444 0.002894999925047159 0.0 0.0
2.1161744594573975 0.2532079517841339 0.08146699517965317 0.0025820001028478146 0.0 0.0
2.0838544368743896 0.24499286711215973 0.07873599231243134 0.0023620000574737787 0.0 0.0
2.0495338439941406 0.23649084568023682 0.07577299326658249 0.0021539998706430197 0.0 0.0
2.0149340629577637 0.22807590663433075 0.07280899584293365 0.001920000184327364 0.0 0.0
1.9795255661010742 0.22009892761707306 0.07048199325799942 0.0017280001193284988 0.0 0.0
1.9449776411056519 0.21230490505695343 0.06836199015378952 0.0015749998856335878 0.0 0.0
1.90941321849823 0.20473188161849976 0.06602299213409424 0.0014020000817254186 0.0 0.0
1.8718425035476685 0.1972988396883011 0.06382600218057632 0.0012559999013319612 0.0 0.0
1.8315688371658325 0.19021591544151306 0.061691999435424805 0.0011039999080821872 0.0 0.0
1.7126193046569824 0.16933290660381317 0.05946800112724304 0.001006999984383583 0.0 0.0
1.674717903137207 0.1635768860578537 0.05768299847841263 0.0009099999442696571 0.0 0.0
1.6439765691757202 0.15860483050346375 0.05605598911643028 0.0008009999874047935 0.0 0.0
1.6197313070297241 0.15473395586013794 0.05473899096250534 0.0006929999799467623 0.0 0.0
1.6041860580444336 0.151716947555542 0.0534680001437664 0.0006029999349266291 0.0 0.0
1.5973879098892212 0.1495179682970047 0.051983002573251724 0.0005460000247694552 0.0 0.0
1.6012016534805298 0.1486099511384964 0.0507270023226738 0.0004940000362694263 0.0 0.0
1.6124382019042969 0.14871689677238464 0.04956699162721634 0.0004579999949783087 0.0 0.0
1.6262685060501099 0.14898288249969482 0.04821399971842766 0.0004119999648537487 0.0 0.0
1.6450175046920776 0.14986386895179749 0.046918004751205444 0.00035600000410340726 0.0 0.0
1.591715931892395 0.13976991176605225 0.04549999535083771 0.0003169999981764704 0.0 0.0
1.6191471815109253 0.140969917178154 0.04430999979376793 0.00027400001999922097 0.0 0.0
1.6529011726379395 0.14245688915252686 0.043184004724025726 0.0002469999890308827 0.0 0.0
1.6898919343948364 0.14414091408252716 0.042374998331069946 0.00023299998429138213 0.0 0.0
1.7288577556610107 0.14559295773506165 0.04154099151492119 0.00020299998868722469 0.0 0.0
1.7694363594055176 0.14717291295528412 0.04111999645829201 0.00017899999511428177 0.0 0.0
1.8101762533187866 0.14846691489219666 0.04069899395108223 0.00015100000018719584 0.0 0.0
1.8532981872558594 0.14989086985588074 0.04056399315595627 0.00012799999967683107 0.0 0.0
1.8988045454025269 0.15121886134147644 0.04035700112581253 0.00011699999595293775 0.0 0.0
1.9500625133514404 0.1529187709093094 0.04009099677205086 0.00010900000052060932 0.0 0.0
1.9180721044540405 0.1413649171590805 0.03919999673962593 0.00010099999781232327 0.0 0.0
1.979543924331665 0.14364098012447357 0.03876899182796478 8.70000003487803e-05 0.0 0.0
2.04697847366333 0.14647391438484192 0.03830299153923988 7.499999628635123e-05 0.0 0.0
2.1143181324005127 0.14978785812854767 0.038137998431921005 6.100000246078707e-05 0.0 0.0
2.1894142627716064 0.1537598818540573 0.03805200010538101 5.6000000768108293e-05 0.0 0.0
2.2617082595825195 0.15729787945747375 0.03767399489879608 5.199999941396527e-05 0.0 0.0
2.343209981918335 0.1614648550748825 0.03743999823927879 4.70000013592653e-05 0.0 0.0
2.4233040809631348 0.1652238816022873 0.03681499511003494 3.899999865097925e-05 0.0 0.0
2.506904125213623 0.16937188804149628 0.03658100217580795 3.199999991920777e-05 0.0 0.0
2.5881760120391846 0.17335891723632812 0.03624700382351875 2.700000004551839e-05 0.0 0.0
2.566608428955078 0.16133886575698853 0.03544599935412407 2.4000000848900527e-05 0.0 0.0
2.638669729232788 0.16464684903621674 0.03514000028371811 2.2000000171829015e-05 0.0 0.0
2.728071451187134 0.17109788954257965 0.036033995449543 2.099999983329326e-05 0.0 0.0
2.804863452911377 0.17626185715198517 0.036549992859363556 1.9999999494757503e-05 0.0 0.0
2.907881736755371 0.18413583934307098 0.03787098824977875 1.700000029813964e-05 0.0 0.0
3.0282933712005615 0.19520890712738037 0.04033299535512924 1.500000053056283e-05 0.0 0.0
3.210667610168457 0.21366490423679352 0.04555099084973335 1.5999999959603883e-05 0.0 0.0
3.530141592025757 0.2466549277305603 0.05683399364352226 1.9999999494757503e-05 0.0 0.0
4.131094455718994 0.3017531931400299 0.07728298753499985 2.9999999242136255e-05 0.0 0.0
5.093417167663574 0.37571921944618225 0.10307598859071732 4.400000034365803e-05 0.0 0.0
6.255059242248535 0.4413781762123108 0.1306159645318985 5.999999848427251e-05 0.0 0.0
7.5431599617004395 0.5250102281570435 0.152242973446846 7.300000288523734e-05 0.0 0.0
8.191593170166016 0.5654322504997253 0.15951001644134521 6.600000051548705e-05 0.0 0.0
8.2249174118042 0.5684986114501953 0.15918698906898499 5.199999941396527e-05 0.0 0.0
7.909348487854004 0.5466543436050415 0.15157097578048706 3.9999998989515007e-05 0.0 0.0
7.607569694519043 0.5261473059654236 0.14508295059204102 2.600000152597204e-05 0.0 0.0
7.413639545440674 0.5120454430580139 0.13940800726413727 2.099999983329326e-05 0.0 0.0
7.416587829589844 0.5109074711799622 0.13638196885585785 9.999999747378752e-06 0.0 0.0
7.577105522155762 0.5230078101158142 0.13759297132492065 7.000000096013537e-06 0.0 0.0
7.9286322593688965 0.5494924187660217 0.14196400344371796 7.000000096013537e-06 0.0 0.0
8.312570571899414 0.5782835483551025 0.150442972779274 7.000000096013537e-06 0.0 0.0
8.946999549865723 0.6293313503265381 0.15852898359298706 7.000000096013537e-06 0.0 0.0
9.588720321655273 0.6829084157943726 0.16616301238536835 5.999999757477781e-06 0.0 0.0
10.180546760559082 0.7341645359992981 0.17224398255348206 1.9999999949504854e-06 0.0 0.0
10.646925926208496 0.7782196998596191 0.17733798921108246 1.9999999949504854e-06 0.0 0.0
0.19733577966690063 0.14701397716999054 0.14154599606990814 1.9999999949504854e-06 0.0 0.0
11.114188194274902 0.833580493927002 0.1815980225801468 1.9999999949504854e-06 0.0 0.0
11.145689010620117 0.8475168347358704 0.1812179833650589 1.9999999949504854e-06 0.0 0.0
11.152288436889648 0.8616724610328674 0.18029898405075073 9.999999974752427e-07 0.0 0.0
11.251708030700684 0.8845508098602295 0.1787249892950058 9.999999974752427e-07 0.0 0.0
11.150408744812012 0.9092025756835938 0.18086200952529907 9.999999974752427e-07 0.0 0.0
11.402862548828125 0.9526615142822266 0.18234798312187195 9.999999974752427e-07 0.0 0.0
11.645583152770996 0.9962859749794006 0.1828889399766922 0.0 0.0 0.0
11.82552433013916 1.0337023735046387 0.18219900131225586 0.0 0.0 0.0
11.959678649902344 1.0669174194335938 0.18097397685050964 0.0 0.0 0.0
12.040465354919434 1.0971074104309082 0.18134598433971405 0.0 0.0 0.0
12.06391716003418 1.1224651336669922 0.18133196234703064 0.0 0.0 0.0
12.038782119750977 1.144472360610962 0.1799890100955963 0.0 0.0 0.0
12.053638458251953 1.1739236116409302 0.18006496131420135 0.0 0.0 0.0
12.13630485534668 1.211859941482544 0.179673969745636 0.0 0.0 0.0
12.319236755371094 1.292314887046814 0.18677498400211334 0.0 0.0 0.0
12.770115852355957 1.3814873695373535 0.19288596510887146 0.0 0.0 0.0
13.293953895568848 1.483103632926941 0.20025396347045898 0.0 0.0 0.0
13.876659393310547 1.5961774587631226 0.20891793072223663 0.0 0.0 0.0
14.423821449279785 1.7091177701950073 0.21654294431209564 0.0 0.0 0.0
14.732348442077637 1.7972891330718994 0.22309096157550812 0.0 0.0 0.0
15.02796745300293 1.8869104385375977 0.23026296496391296 0.0 0.0 0.0
14.800758361816406 1.9060252904891968 0.2314949333667755 0.0 0.0 0.0
14.568513870239258 1.9231786727905273 0.23406296968460083 0.0 0.0 0.0
14.209035873413086 1.918749213218689 0.23492896556854248 0.0 0.0 0.0
13.878800392150879 1.943940281867981 0.2400769591331482 0.0 0.0 0.0
13.681693077087402 1.9470806121826172 0.2416519671678543 0.0 0.0 0.0
13.646333694458008 1.9701330661773682 0.2456749677658081 0.0 0.0 0.0
13.731550216674805 2.008420467376709 0.25182297825813293 0.0 0.0 0.0
13.99929428100586 2.0746994018554688 0.26003405451774597 0.0 0.0 0.0
14.46422004699707 2.1744296550750732 0.27126410603523254 0.0 0.0 0.0
14.999436378479004 2.288541078567505 0.2836640775203705 0.0 0.0 0.0
15.576092720031738 2.412505865097046 0.2970741093158722 0.0 0.0 0.0
16.166627883911133 2.5514752864837646 0.3105550706386566 0.0 0.0 0.0
16.549667358398438 2.6548874378204346 0.321924090385437 0.0 0.0 0.0
16.903980255126953 2.7896251678466797 0.33691802620887756 0.0 0.0 0.0
17.126476287841797 2.839067220687866 0.35123610496520996 0.0 0.0 0.0
17.297828674316406 2.8997228145599365 0.36170414090156555 0.0 0.0 0.0
17.055593490600586 2.918841600418091 0.36119508743286133 0.0 0.0 0.0
16.86701774597168 2.9036810398101807 0.3684360086917877 0.0 0.0 0.0
16.681621551513672 2.911212205886841 0.371238112449646 0.0 0.0 0.0
16.35318374633789 2.895310401916504 0.3700590133666992 0.0 0.0 0.0
16.15962028503418 2.9046542644500732 0.36919108033180237 0.0 0.0 0.0
15.893974304199219 2.891752004623413 0.36752405762672424 0.0 0.0 0.0
15.717026710510254 2.894660472869873 0.3697409927845001 0.0 0.0 0.0
15.535844802856445 2.9463605880737305 0.36416807770729065 0.0 0.0 0.0
15.649444580078125 3.0108718872070312 0.37054601311683655 0.0 0.0 0.0
15.831790924072266 3.0915184020996094 0.3757719099521637 0.0 0.0 0.0
15.9046630859375 3.1506364345550537 0.3797820210456848 0.0 0.0 0.0
15.92359447479248 3.1873245239257812 0.3832860589027405 0.0 0.0 0.0
15.992807388305664 3.224170446395874 0.38630998134613037 0.0 0.0 0.0
15.891339302062988 3.24535870552063 0.3833440840244293 0.0 0.0 0.0
15.761411666870117 3.264439582824707 0.37807902693748474 0.0 0.0 0.0
15.32192325592041 3.1899609565734863 0.3698870837688446 0.0 0.0 0.0
14.986457824707031 3.152113199234009 0.361812025308609 0.0 0.0 0.0
14.311878204345703 3.0113890171051025 0.3284100592136383 0.0 0.0 0.0
14.039230346679688 2.975945472717285 0.3230360448360443 0.0 0.0 0.0
13.703693389892578 2.9290449619293213 0.31648507714271545 0.0 0.0 0.0
13.564638137817383 2.9074912071228027 0.3134990930557251 0.0 0.0 0.0
13.539081573486328 2.914463758468628 0.31182006001472473 0.0 0.0 0.0
13.735099792480469 2.964991569519043 0.3158520758152008 0.0 0.0 0.0
14.0652437210083 3.038182258605957 0.3209141194820404 0.0 0.0 0.0
14.424213409423828 3.10902738571167 0.3262351453304291 0.0 0.0 0.0
14.86810302734375 3.1996865272521973 0.3311331570148468 0.0 0.0 0.0
15.36041259765625 3.2935986518859863 0.3360210657119751 0.0 0.0 0.0
15.562437057495117 3.197920322418213 0.3077990710735321 0.0 0.0 0.0
15.818065643310547 3.2386465072631836 0.30653902888298035 0.0 0.0 0.0
16.22515296936035 3.313326120376587 0.3078860938549042 0.0 0.0 0.0
16.515178680419922 3.3676068782806396 0.30766797065734863 0.0 0.0 0.0
16.812864303588867 3.4228177070617676 0.30593302845954895 0.0 0.0 0.0
17.0445613861084 3.4752182960510254 0.30489906668663025 0.0 0.0 0.0
17.158781051635742 3.4999277591705322 0.30179205536842346 0.0 0.0 0.0
17.15629768371582 3.508200168609619 0.29828599095344543 0.0 0.0 0.0
17.27750587463379 3.552076578140259 0.30196401476860046 0.0 0.0 0.0
17.415616989135742 3.61366605758667 0.31104305386543274 0.0 0.0 0.0
17.181825637817383 3.4924135208129883 0.29951998591423035 0.0 0.0 0.0
17.582223892211914 3.6358120441436768 0.3253040015697479 0.0 0.0 0.0
18.192045211791992 3.8566958904266357 0.368429034948349 0.0 0.0 0.0
18.92833137512207 4.134729862213135 0.4267900586128235 0.0 0.0 0.0
19.653005599975586 4.429540634155273 0.49425405263900757 0.0 0.0 0.0
20.376617431640625 4.765463829040527 0.5748711824417114 0.0 0.0 0.0
21.106618881225586 5.109886169433594 0.6531391739845276 0.0 0.0 0.0
21.635292053222656 5.4073028564453125 0.7137040495872498 0.0 0.0 0.0
22.240718841552734 5.719587802886963 0.7556530833244324 0.0 0.0 0.0
22.691333770751953 6.001001834869385 0.7768769860267639 0.0 0.0 0.0
22.418167114257812 5.8171186447143555 0.7227731943130493 0.0 0.0 0.0
23.288454055786133 6.276795864105225 0.7601550221443176 1.9999999949504854e-06 0.0 0.0
24.54058074951172 6.899186134338379 0.825546145439148 6.999999641266186e-06 0.0 0.0
26.43207359313965 7.7391204833984375 0.9224152565002441 4.900000203633681e-05 0.0 0.0
28.720291137695312 8.693730354309082 1.029321312904358 0.0002139999851351604 0.0 0.0
31.396820068359375 9.782746315002441 1.1475638151168823 0.00047500000800937414 0.0 0.0
34.292301177978516 10.971708297729492 1.275778889656067 0.0007169999880716205 0.0 0.0
36.93343734741211 12.14285659790039 1.3955869674682617 0.0009240000508725643 0.0 0.0
38.31910705566406 13.011731147766113 1.464758038520813 0.0011700000613927841 0.0 0.0
37.0303840637207 13.085517883300781 1.4103248119354248 0.0013639999087899923 0.0 0.0
31.493816375732422 11.280714988708496 1.109334111213684 0.0015620000194758177 0.0 0.0
25.04514503479004 9.369906425476074 0.8898951411247253 0.0016559999203309417 0.0 0.0
18.258075714111328 6.939640045166016 0.6550341844558716 0.00133500003721565 0.0 0.0
14.683241844177246 5.538014888763428 0.5099771022796631 0.00018900001305155456 0.0 0.0
12.700875282287598 4.718367576599121 0.411465048789978 0.00012700000661425292 0.0 0.0
11.808137893676758 4.351388931274414 0.3572501242160797 0.00010199999815085903 0.0 0.0
11.499274253845215 4.24021053314209 0.33274704217910767 8.800000068731606e-05 0.0 0.0
11.4443941116333 4.231861114501953 0.32184305787086487 7.999999797903001e-05 0.0 0.0
11.596342086791992 4.326928615570068 0.32317808270454407 7.699999696342275e-05 0.0 0.0
11.547171592712402 4.317489147186279 0.3130331039428711 6.70000008540228e-05 0.0 0.0
10.630147933959961 3.9275896549224854 0.2862619161605835 8.800000068731606e-05 0.0 0.0
10.519572257995605 3.868983268737793 0.2765699326992035 7.699999696342275e-05 0.0 0.0
10.055638313293457 3.6295015811920166 0.25320300459861755 6.000000212225132e-05 0.0 0.0
9.477108001708984 3.3250601291656494 0.22790400683879852 3.099999958067201e-05 0.0 0.0
8.90602970123291 3.031585216522217 0.20572897791862488 1.8000000636675395e-05 0.0 0.0
8.53527545928955 2.8396801948547363 0.193186953663826 1.2999999853491317e-05 0.0 0.0
8.309341430664062 2.7139453887939453 0.18687298893928528 1.1000000085914508e-05 0.0 0.0
8.223398208618164 2.6591525077819824 0.18640999495983124 9.000000318337698e-06 0.0 0.0
8.377044677734375 2.7150068283081055 0.19611500203609467 9.000000318337698e-06 0.0 0.0
8.537818908691406 2.7674560546875 0.20620697736740112 9.000000318337698e-06 0.0 0.0
7.9679131507873535 2.616013526916504 0.20541897416114807 1.1999999514955562e-05 0.0 0.0
8.227901458740234 2.712292432785034 0.21964798867702484 1.2999999853491317e-05 0.0 0.0
8.538692474365234 2.835611343383789 0.2386789321899414 1.4000000192027073e-05 0.0 0.0
8.879934310913086 2.972482204437256 0.2615019381046295 1.4999999621068127e-05 0.0 0.0
9.295884132385254 3.147247791290283 0.2899719774723053 1.700000029813964e-05 0.0 0.0
9.718449592590332 3.324925422668457 0.32296204566955566 1.799999881768599e-05 0.0 0.0
10.145304679870605 3.5078511238098145 0.36357903480529785 1.9999999494757503e-05 0.0 0.0
10.608111381530762 3.7218077182769775 0.4190341532230377 2.2000000171829015e-05 0.0 0.0
11.121943473815918 3.9578158855438232 0.4910670816898346 2.4000000848900527e-05 0.0 0.0
11.733002662658691 4.252907752990723 0.6079772114753723 2.2000000171829015e-05 0.0 0.0
10.931199073791504 3.995297431945801 0.5786089897155762 2.8000000384054147e-05 0.0 0.0
10.94820499420166 4.0171990394592285 0.6207342147827148 2.5999999706982635e-05 0.0 0.0
10.980223655700684 4.048039436340332 0.6680199503898621 2.499999936844688e-05 0.0 0.0
10.880117416381836 4.015902519226074 0.6922013163566589 2.300000051036477e-05 0.0 0.0
10.710310935974121 3.9500138759613037 0.7013362050056458 2.2000000171829015e-05 0.0 0.0
10.518338203430176 3.876009702682495 0.705956220626831 1.9999999494757503e-05 0.0 0.0
10.340293884277344 3.809041976928711 0.704964816570282 1.8000000636675395e-05 0.0 0.0
10.244406700134277 3.785520315170288 0.7070929408073425 1.700000029813964e-05 0.0 0.0
10.195211410522461 3.782947063446045 0.7033851146697998 1.700000029813964e-05 0.0 0.0
10.172103881835938 3.798224449157715 0.6977390050888062 1.4999999621068127e-05 0.0 0.0
9.205533027648926 3.4140682220458984 0.5124680399894714 2.4000000848900527e-05 0.0 0.0
9.260173797607422 3.4830732345581055 0.5164591073989868 2.4000000848900527e-05 0.0 0.0
9.315715789794922 3.561394453048706 0.5198372006416321 2.099999983329326e-05 0.0 0.0
9.354183197021484 3.641458511352539 0.5200361013412476 1.9999999494757503e-05 0.0 0.0
9.456171035766602 3.758647918701172 0.5223541259765625 1.900000097521115e-05 0.0 0.0
9.54330062866211 3.8727657794952393 0.5144920349121094 1.700000029813964e-05 0.0 0.0
9.607635498046875 3.9832072257995605 0.5036610960960388 1.5999999959603883e-05 0.0 0.0
9.66953182220459 4.092937469482422 0.4877359867095947 1.5999999959603883e-05 0.0 0.0
9.713436126708984 4.192778587341309 0.46504685282707214 1.4999999621068127e-05 0.0 0.0
9.76297378540039 4.287038803100586 0.43728703260421753 1.4999999621068127e-05 0.0 0.0
8.776376724243164 3.7784926891326904 0.3131660223007202 1.8000000636675395e-05 0.0 0.0
8.73089599609375 3.789959192276001 0.2913239896297455 1.8000000636675395e-05 0.0 0.0
8.697771072387695 3.79168701171875 0.27283400297164917 1.5999999959603883e-05 0.0 0.0
8.63951587677002 3.7629058361053467 0.25447601079940796 1.700000029813964e-05 0.0 0.0
8.567063331604004 3.7111074924468994 0.23757800459861755 1.700000029813964e-05 0.0 0.0
8.529382705688477 3.6571192741394043 0.22266501188278198 1.8000000636675395e-05 0.0 0.0
8.513875007629395 3.5961313247680664 0.2089579850435257 1.8999999156221747e-05 0.0 0.0
8.546795845031738 3.540370464324951 0.19641800224781036 1.8999999156221747e-05 0.0 0.0
8.591322898864746 3.4762697219848633 0.18427099287509918 2.099999983329326e-05 0.0 0.0
8.529486656188965 3.3613193035125732 0.1701659858226776 2.099999983329326e-05 0.0 0.0
7.4846272468566895 2.5873847007751465 0.11951498687267303 2.8000000384054147e-05 0.0 0.0
7.3533124923706055 2.4494268894195557 0.10759598016738892 2.700000004551839e-05 0.0 0.0
7.135290622711182 2.2915356159210205 0.09536400437355042 2.499999936844688e-05 0.0 0.0
6.8850626945495605 2.1330184936523438 0.08385398238897324 2.300000051036477e-05 0.0 0.0
6.596259593963623 1.9687083959579468 0.07296400517225266 1.9999999494757503e-05 0.0 0.0
6.308252334594727 1.8150396347045898 0.0632610097527504 1.8000000636675395e-05 0.0 0.0
6.023547172546387 1.6651910543441772 0.05449599027633667 1.4999999621068127e-05 0.0 0.0
5.7391791343688965 1.51554274559021 0.04670999199151993 1.2999999853491317e-05 0.0 0.0
5.4828267097473145 1.37661612033844 0.03986600041389465 1.1000000085914508e-05 0.0 0.0
5.257406711578369 1.2559236288070679 0.03397100046277046 9.999999747378752e-06 0.0 0.0
4.576515197753906 0.9253652691841125 0.021508997306227684 4.999999873689376e-06 0.0 0.0
4.462469100952148 0.8785379528999329 0.018667999655008316 3.999999989900971e-06 0.0 0.0
4.440351486206055 0.881655752658844 0.016815999522805214 3.999999989900971e-06 0.0 0.0
4.475718021392822 0.9264035820960999 0.01576000079512596 3.000000106112566e-06 0.0 0.0
4.5451459884643555 0.994108259677887 0.015462999232113361 3.000000106112566e-06 0.0 0.0
4.5693230628967285 1.031097412109375 0.015503998845815659 1.9999999949504854e-06 0.0 0.0
4.558693885803223 1.0491055250167847 0.016018999740481377 9.999999974752427e-07 0.0 0.0
4.539484977722168 1.0641789436340332 0.016721999272704124 9.999999974752427e-07 0.0 0.0
4.52809476852417 1.0888029336929321 0.017490999773144722 9.999999974752427e-07 0.0 0.0
4.494424819946289 1.1088968515396118 0.018126999959349632 9.999999974752427e-07 0.0 0.0
3.931309461593628 0.8577783703804016 0.014183999970555305 9.999999974752427e-07 0.0 0.0
3.8418099880218506 0.8265883922576904 0.01346100028604269 9.999999974752427e-07 0.0 0.0
3.721573829650879 0.7761445045471191 0.012161999940872192 9.999999974752427e-07 0.0 0.0
3.601557731628418 0.7222924828529358 0.010708000510931015 9.999999974752427e-07 0.0 0.0
3.490849256515503 0.6714122295379639 0.009273000061511993 9.999999974752427e-07 0.0 0.0
3.3884239196777344 0.6264283061027527 0.007992000319063663 9.999999974752427e-07 0.0 0.0
3.2859137058258057 0.5851771235466003 0.006833000108599663 0.0 0.0 0.0
3.184929132461548 0.5482121706008911 0.0058280001394450665 0.0 0.0 0.0
3.109180450439453 0.5183951258659363 0.004973000381141901 0.0 0.0 0.0
3.0391557216644287 0.4920981824398041 0.004240000154823065 0.0 0.0 0.0
2.729828119277954 0.3943801522254944 0.0026489999145269394 0.0 0.0 0.0
2.678572177886963 0.3768180310726166 0.002228999976068735 0.0 0.0 0.0
2.6264259815216064 0.36028921604156494 0.0018720000516623259 0.0 0.0 0.0
2.5733025074005127 0.3446371555328369 0.001568000065162778 0.0 0.0 0.0
2.5228617191314697 0.3301750421524048 0.0013040000339969993 0.0 0.0 0.0
2.4761979579925537 0.3174460828304291 0.001092999940738082 0.0 0.0 0.0
2.4177074432373047 0.30348899960517883 0.0009099999442696571 0.0 0.0 0.0
2.3658862113952637 0.29014596343040466 0.000750000006519258 0.0 0.0 0.0
2.3325765132904053 0.28219398856163025 0.0006459999713115394 0.0 0.0 0.0
2.304452657699585 0.2762969434261322 0.0005699999746866524 0.0 0.0 0.0
2.114758014678955 0.23706096410751343 0.0003690000157803297 0.0 0.0 0.0
2.120694160461426 0.23817598819732666 0.0003429999924264848 0.0 0.0 0.0
2.1387710571289062 0.24173298478126526 0.00032699998700991273 0.0 0.0 0.0
2.17707896232605 0.24890398979187012 0.0003209999995306134 0.0 0.0 0.0
2.2233784198760986 0.257951021194458 0.00031999999191612005 0.0 0.0 0.0
2.273811101913452 0.268964022397995 0.0003220000071451068 0.0 0.0 0.0
2.3451879024505615 0.2839610278606415 0.00033000000985339284 0.0 0.0 0.0
2.4255995750427246 0.30241307616233826 0.00034699999378062785 0.0 0.0 0.0
2.526088237762451 0.3266441822052002 0.00037099997280165553 0.0 0.0 0.0
2.6340856552124023 0.3549511730670929 0.0004029999836347997 0.0 0.0 0.0
2.5402870178222656 0.3379870355129242 0.000311999989207834 0.0 0.0 0.0
2.595459461212158 0.36224400997161865 0.00034500000765547156 0.0 0.0 0.0
2.648397922515869 0.38955405354499817 0.0003869999782182276 0.0 0.0 0.0
2.6979894638061523 0.4199129641056061 0.0004339999577496201 0.0 0.0 0.0
2.7306132316589355 0.45036205649375916 0.0004820000031031668 0.0 0.0 0.0
2.7773797512054443 0.48729407787323 0.000552999961655587 0.0 0.0 0.0
2.8303017616271973 0.5286423563957214 0.0006339999381452799 0.0 0.0 0.0
2.877140998840332 0.5708761811256409 0.000725999940186739 0.0 0.0 0.0
2.9272656440734863 0.6147071123123169 0.0008299999753944576 0.0 0.0 0.0
2.9856719970703125 0.6602441668510437 0.0009439999703317881 0.0 0.0 0.0
2.7851998805999756 0.593234121799469 0.0007329999934881926 0.0 0.0 0.0
2.832118034362793 0.6270241141319275 0.0008169999346137047 0.0 0.0 0.0
2.882899045944214 0.6590030789375305 0.0009069999796338379 0.0 0.0 0.0
2.946843385696411 0.6908231973648071 0.0010029999539256096 0.0 0.0 0.0
3.0075154304504395 0.7180142402648926 0.0010989999864250422 9.999999974752427e-07 0.0 0.0
3.0616471767425537 0.739555299282074 0.001193000003695488 9.999999974752427e-07 0.0 0.0
3.1290102005004883 0.7614101767539978 0.0012859998969361186 3.000000106112566e-06 0.0 0.0
3.207352876663208 0.786815345287323 0.001370999962091446 6.000000212225132e-06 0.0 0.0
3.30399751663208 0.8285812735557556 0.0014479999663308263 1.1000000085914508e-05 0.0 0.0
3.4659063816070557 0.9247092604637146 0.001512999995611608 1.4000000192027073e-05 0.0 0.0
3.0106582641601562 0.7299702167510986 0.0010260000126436353 7.000000096013537e-06 0.0 0.0
3.043656349182129 0.7574843168258667 0.0010319999419152737 4.999999873689376e-06 0.0 0.0
3.094395399093628 0.8006721138954163 0.0010229999898001552 0.0 0.0 0.0
3.152000665664673 0.8565899729728699 0.0010049999691545963 0.0 0.0 0.0
3.1892688274383545 0.9119682908058167 0.0009759999811649323 9.999999974752427e-07 0.0 0.0
3.1858325004577637 0.9510513544082642 0.0009329999447800219 9.999999974752427e-07 0.0 0.0
3.1299197673797607 0.9607242941856384 0.0008819999638944864 1.9999999949504854e-06 0.0 0.0
3.038269519805908 0.9424514174461365 0.0008210000232793391 3.000000106112566e-06 0.0 0.0
2.8922529220581055 0.8953452706336975 0.0007539999787695706 3.999999989900971e-06 0.0 0.0
2.720907211303711 0.8369302153587341 0.0006810000049881637 3.000000106112566e-06 0.0 0.0
2.272336959838867 0.6861700415611267 0.000387999985832721 0.0 0.0 0.0
2.1819608211517334 0.67348313331604 0.00034100000630132854 9.999999974752427e-07 0.0 0.0
2.0877180099487305 0.6566182374954224 0.00029600001289509237 9.999999974752427e-07 0.0 0.0
2.006021738052368 0.6408290863037109 0.00025400001322850585 9.999999974752427e-07 0.0 0.0
1.9283784627914429 0.6232489943504333 0.00022000000171829015 1.9999999949504854e-06 0.0 0.0
1.8549890518188477 0.6045523285865784 0.00018500001169741154 1.9999999949504854e-06 0.0 0.0
1.7753764390945435 0.5812850594520569 0.00015300000086426735 1.9999999949504854e-06 0.0 0.0
1.695250153541565 0.5558030605316162 0.0001250000059371814 1.9999999949504854e-06 0.0 0.0
1.6144533157348633 0.5283340215682983 9.800000407267362e-05 1.9999999949504854e-06 0.0 0.0
1.5218749046325684 0.4951569736003876 7.700000423938036e-05 1.9999999949504854e-06 0.0 0.0
1.352147102355957 0.4414011240005493 3.5000000934815034e-05 9.999999974752427e-07 0.0 0.0
1.2585235834121704 0.40564608573913574 2.5000001187436283e-05 9.999999974752427e-07 0.0 0.0
1.1674727201461792 0.37035804986953735 1.8000000636675395e-05 9.999999974752427e-07 0.0 0.0
1.0812984704971313 0.3366610109806061 1.1000000085914508e-05 0.0 0.0 0.0
0.9998767375946045 0.304889053106308 7.999999979801942e-06 0.0 0.0 0.0
0.9309808015823364 0.2776229977607727 3.999999989900971e-06 0.0 0.0 0.0
0.8731346130371094 0.2543730139732361 3.999999989900971e-06 0.0 0.0 0.0
0.8265333771705627 0.23516596853733063 1.9999999949504854e-06 0.0 0.0 0.0
0.7879984974861145 0.2189599722623825 1.9999999949504854e-06 0.0 0.0 0.0
0.7569847106933594 0.20555701851844788 0.0 0.0 0.0 0.0
0.6861494183540344 0.18309900164604187 0.0 0.0 0.0 0.0
0.6536363363265991 0.17021897435188293 0.0 0.0 0.0 0.0
0.6188651919364929 0.15739396214485168 0.0 0.0 0.0 0.0
0.573183000087738 0.14223599433898926 0.0 0.0 0.0 0.0
0.522361159324646 0.12662097811698914 0.0 0.0 0.0 0.0
0.4763260781764984 0.11304298043251038 0.0 0.0 0.0 0.0
0.45054009556770325 0.1053599938750267 0.0 0.0 0.0 0.0
0.4813840985298157 0.11231297999620438 0.0 0.0 0.0 0.0
0.5676372647285461 0.1335960030555725 0.0 0.0 0.0 0.0
0.7987403273582458 0.19359096884727478 0.0 0.0 0.0 0.0
1.1140755414962769 0.2825720012187958 0.0 0.0 0.0 0.0
1.6861517429351807 0.4501100778579712 0.0 0.0 0.0 0.0
2.1095266342163086 0.5811699628829956 0.0 0.0 0.0 0.0
2.452909469604492 0.6915810704231262 0.0 0.0 0.0 0.0
2.818556308746338 0.8126699328422546 0.0 0.0 0.0 0.0
2.991842746734619 0.8714728355407715 0.0 0.0 0.0 0.0
2.9497523307800293 0.8576929569244385 0.0 0.0 0.0 0.0
2.9245426654815674 0.8495861291885376 0.0 0.0 0.0 0.0
2.912285804748535 0.8459171056747437 0.0 0.0 0.0 0.0
2.9201362133026123 0.8490451574325562 0.0 0.0 0.0 0.0
2.8121888637542725 0.8239500522613525 0.0 0.0 0.0 0.0
2.829545259475708 0.8302481174468994 0.0 0.0 0.0 0.0
2.8448588848114014 0.8363441228866577 0.0 0.0 0.0 0.0
2.845212697982788 0.837926983833313 0.0 0.0 0.0 0.0
2.8092105388641357 0.8281470537185669 0.0 0.0 0.0 0.0
2.7420952320098877 0.8088778257369995 0.0 0.0 0.0 0.0
2.6304335594177246 0.7760710716247559 0.0 0.0 0.0 0.0
2.44155216217041 0.7193819284439087 0.0 0.0 0.0 0.0
2.2475056648254395 0.6627429723739624 0.0 0.0 0.0 0.0
2.0992751121520996 0.6215530633926392 0.0 0.0 0.0 0.0
1.8799889087677002 0.5545800924301147 0.0 0.0 0.0 0.0
1.79039466381073 0.5315430760383606 0.0 0.0 0.0 0.0
1.717382788658142 0.514210045337677 0.0 0.0 0.0 0.0
1.6535325050354004 0.5000919699668884 0.0 0.0 0.0 0.0
1.5930297374725342 0.4873470067977905 0.0 0.0 0.0 0.0
1.521364450454712 0.471248984336853 0.0 0.0 0.0 0.0
1.4518359899520874 0.4559199810028076 0.0 0.0 0.0 0.0
1.3973124027252197 0.44559794664382935 0.0 0.0 0.0 0.0
1.3514978885650635 0.43808797001838684 0.0 0.0 0.0 0.0
1.316398024559021 0.4341670274734497 0.0 0.0 0.0 0.0
1.2028933763504028 0.3914409577846527 0.0 0.0 0.0 0.0
1.158592939376831 0.3827909827232361 0.0 0.0 0.0 0.0
1.1135613918304443 0.3737569749355316 0.0 0.0 0.0 0.0
1.0632439851760864 0.3628101050853729 0.0 0.0 0.0 0.0
1.0148123502731323 0.35231390595436096 0.0 0.0 0.0 0.0
0.974677324295044 0.344759076833725 0.0 0.0 0.0 0.0
0.9332261681556702 0.3366340100765228 0.0 0.0 0.0 0.0
0.8948443531990051 0.3299280107021332 0.0 0.0 0.0 0.0
0.8519342541694641 0.3219279646873474 0.0 0.0 0.0 0.0
0.8031392693519592 0.3122490346431732 0.0 0.0 0.0 0.0
0.6914353370666504 0.26343095302581787 0.0 0.0 0.0 0.0
0.6268893480300903 0.24642795324325562 0.0 0.0 0.0 0.0
0.5832561254501343 0.23739692568778992 0.0 0.0 0.0 0.0
0.5549511909484863 0.2348579317331314 0.0 0.0 0.0 0.0
0.5378841161727905 0.23726396262645721 0.0 0.0 0.0 0.0
0.5355231761932373 0.24659296870231628 0.0 0.0 0.0 0.0
0.5434415340423584 0.261553019285202 0.0 0.0 0.0 0.0
0.5583053231239319 0.28087300062179565 0.0 0.0 0.0 0.0
0.5776544213294983 0.30351197719573975 0.0 0.0 0.0 0.0
0.6013014316558838 0.3295450508594513 0.0 0.0 0.0 0.0
0.5412544012069702 0.28759410977363586 0.0 0.0 0.0 0.0
0.5603424906730652 0.30916398763656616 0.0 0.0 0.0 0.0
0.5736647248268127 0.32786405086517334 0.0 0.0 0.0 0.0
0.5857543349266052 0.34618711471557617 0.0 0.0 0.0 0.0
0.5886713266372681 0.35847213864326477 0.0 0.0 0.0 0.0
0.5882574319839478 0.368274062871933 0.0 0.0 0.0 0.0
0.5809063911437988 0.3729831576347351 0.0 0.0 0.0 0.0
0.5684515833854675 0.3732841908931732 0.0 0.0 0.0 0.0
0.5580222606658936 0.374235063791275 0.0 0.0 0.0 0.0
0.5487055778503418 0.37538620829582214 0.0 0.0 0.0 0.0
0.4589523375034332 0.30042409896850586 0.0 0.0 0.0 0.0
0.45692747831344604 0.3053690791130066 0.0 0.0 0.0 0.0
0.45932820439338684 0.313368022441864 0.0 0.0 0.0 0.0
0.4671792685985565 0.3254520893096924 0.0 0.0 0.0 0.0
0.4766733944416046 0.338762104511261 0.0 0.0 0.0 0.0
0.48883047699928284 0.35412609577178955 0.0 0.0 0.0 0.0
0.5017732977867126 0.3701210618019104 0.0 0.0 0.0 0.0
0.5162754058837891 0.387251079082489 0.0 0.0 0.0 0.0
0.5305877327919006 0.40422701835632324 0.0 0.0 0.0 0.0
0.5439013838768005 0.42030206322669983 0.0 0.0 0.0 0.0
0.4657612442970276 0.34882107377052307 0.0 0.0 0.0 0.0
0.47528529167175293 0.36108797788619995 0.0 0.0 0.0 0.0
0.4850451648235321 0.3735320568084717 0.0 0.0 0.0 0.0
0.49430739879608154 0.38566911220550537 0.0 0.0 0.0 0.0
0.5064882636070251 0.4001491367816925 0.0 0.0 0.0 0.0
0.5184702277183533 0.41436800360679626 0.0 0.0 0.0 0.0
0.5274292826652527 0.42610108852386475 0.0 0.0 0.0 0.0
0.5344414114952087 0.4359890818595886 0.0 0.0 0.0 0.0
0.5411934852600098 0.4454250633716583 0.0 0.0 0.0 0.0
0.5477806925773621 0.45435014367103577 0.0 0.0 0.0 0.0
0.476586252450943 0.387474000453949 0.0 0.0 0.0 0.0
0.48118311166763306 0.39384201169013977 0.0 0.0 0.0 0.0
0.4872082471847534 0.4010480046272278 0.0 0.0 0.0 0.0
0.4971221387386322 0.41111698746681213 0.0 0.0 0.0 0.0
0.5115980505943298 0.42458105087280273 0.0 0.0 0.0 0.0
0.533452033996582 0.44362306594848633 0.0 0.0 0.0 0.0
0.5550281405448914 0.4621550440788269 0.0 0.0 0.0 0.0
0.5744001865386963 0.47845494747161865 0.0 0.0 0.0 0.0
0.5872929692268372 0.48910999298095703 0.0 0.0 0.0 0.0
0.5947059392929077 0.49483099579811096 0.0 0.0 0.0 0.0
0.5288061499595642 0.43093404173851013 0.0 0.0 0.0 0.0
0.5194879770278931 0.4229920208454132 0.0 0.0 0.0 0.0
0.4953141212463379 0.4029920995235443 0.0 0.0 0.0 0.0
0.46425119042396545 0.3771180510520935 0.0 0.0 0.0 0.0
0.4264671206474304 0.34566500782966614 0.0 0.0 0.0 0.0
0.38694217801094055 0.3125511109828949 0.0 0.0 0.0 0.0
0.34591206908226013 0.27812495827674866 0.0 0.0 0.0 0.0
0.3070361316204071 0.2453160285949707 0.0 0.0 0.0 0.0
0.2713230848312378 0.21503902971744537 0.0 0.0 0.0 0.0
0.23878099024295807 0.1873830407857895 0.0 0.0 0.0 0.0
0.19537487626075745 0.14891095459461212 0.0 0.0 0.0 0.0
0.17184491455554962 0.12913799285888672 0.0 0.0 0.0 0.0
0.15142793953418732 0.11194901168346405 0.0 0.0 0.0 0.0
0.13388092815876007 0.09721899032592773 0.0 0.0 0.0 0.0
0.11895698308944702 0.08474600315093994 0.0 0.0 0.0 0.0
0.10625995695590973 0.07416197657585144 0.0 0.0 0.0 0.0
0.09539895504713058 0.06521399319171906 0.0 0.0 0.0 0.0
0.08621898293495178 0.057705000042915344 0.0 0.0 0.0 0.0
0.07871498167514801 0.051615990698337555 0.0 0.0 0.0 0.0
0.0722639411687851 0.046490997076034546 0.0 0.0 0.0 0.0
0.06474298238754272 0.04045099392533302 0.0 0.0 0.0 0.0
0.05995297431945801 0.03689299523830414 0.0 0.0 0.0 0.0
0.05571797117590904 0.033841997385025024 0.0 0.0 0.0 0.0
0.051925964653491974 0.031189000234007835 0.0 0.0 0.0 0.0
0.04834597185254097 0.028786007314920425 0.0 0.0 0.0 0.0
0.04495898634195328 0.026587998494505882 0.0 0.0 0.0 0.0
0.041874002665281296 0.024637002497911453 0.0 0.0 0.0 0.0
0.039083003997802734 0.0228900033980608 0.0 0.0 0.0 0.0
0.0363830104470253 0.021289005875587463 0.0 0.0 0.0 0.0
0.03383001312613487 0.019795000553131104 0.0 0.0 0.0 0.0
0.03117500990629196 0.018182000145316124 0.0 0.0 0.0 0.0
0.029085010290145874 0.016991999000310898 0.0 0.0 0.0 0.0
0.027219004929065704 0.015937000513076782 0.0 0.0 0.0 0.0
0.02550700679421425 0.014975998550653458 0.0 0.0 0.0 0.0
0.02391800656914711 0.014086998999118805 0.0 0.0 0.0 0.0
0.022487007081508636 0.01329600065946579 0.0 0.0 0.0 0.0
0.021305005997419357 0.012639000080525875 0.0 0.0 0.0 0.0
0.020233003422617912 0.012046999298036098 0.0 0.0 0.0 0.0
0.01926400512456894 0.011513999663293362 0.0 0.0 0.0 0.0
0.018373999744653702 0.011024999432265759 0.0 0.0 0.0 0.0
0.017499007284641266 0.010526998899877071 0.0 0.0 0.0 0.0
0.01675400510430336 0.010115998797118664 0.0 0.0 0.0 0.0
0.01605300046503544 0.009730999357998371 0.0 0.0 0.0 0.0
0.015410002321004868 0.009375999681651592 0.0 0.0 0.0 0.0
0.014805000275373459 0.009038999676704407 0.0 0.0 0.0 0.0
0.014215999282896519 0.008706999942660332 0.0 0.0 0.0 0.0
0.013681001961231232 0.008408000692725182 0.0 0.0 0.0 0.0
0.013160000555217266 0.00811500009149313 0.0 0.0 0.0 0.0
0.012665001675486565 0.007838999852538109 0.0 0.0 0.0 0.0
0.012214996851980686 0.007581999059766531 0.0 0.0 0.0 0.0
0.011784996837377548 0.007332998793572187 0.0 0.0 0.0 0.0
0.011351996101439 0.0070839994587004185 0.0 0.0 0.0 0.0
0.010972998104989529 0.006863999180495739 0.0 0.0 0.0 0.0
0.010684997774660587 0.006696998607367277 0.0 0.0 0.0 0.0
0.01040399819612503 0.006531999446451664 0.0 0.0 0.0 0.0
0.010136999189853668 0.00637599965557456 0.0 0.0 0.0 0.0
0.009872998110949993 0.0062219989486038685 0.0 0.0 0.0 0.0
0.00964499730616808 0.0060859983786940575 0.0 0.0 0.0 0.0
0.009415995329618454 0.005951999686658382 0.0 0.0 0.0 0.0
0.009183996357023716 0.005815998651087284 0.0 0.0 0.0 0.0
0.008932995609939098 0.005670999642461538 0.0 0.0 0.0 0.0
0.008695995435118675 0.005531999282538891 0.0 0.0 0.0 0.0
0.008458994328975677 0.005395999178290367 0.0 0.0 0.0 0.0
0.008221996948122978 0.005255999509245157 0.0 0.0 0.0 0.0
0.007932995446026325 0.005087999161332846 0.0 0.0 0.0 0.0
0.007636995054781437 0.004913999233394861 0.0 0.0 0.0 0.0
0.007356993854045868 0.004747999366372824 0.0 0.0 0.0 0.0
0.007081996183842421 0.004585999995470047 0.0 0.0 0.0 0.0
0.006802992895245552 0.004418999422341585 0.0 0.0 0.0 0.0
0.006541994400322437 0.004261999391019344 0.0 0.0 0.0 0.0
0.006286994554102421 0.0041039991192519665 0.0 0.0 0.0 0.0
0.006030994933098555 0.003950000274926424 0.0 0.0 0.0 0.0
0.00579099589958787 0.003801000537350774 0.0 0.0 0.0 0.0
0.005575996357947588 0.003668000688776374 0.0 0.0 0.0 0.0
0.005368996877223253 0.0035380006302148104 0.0 0.0 0.0 0.0
0.0051779979839921 0.0034170001745224 0.0 0.0 0.0 0.0
0.004999998025596142 0.0033040002454072237 0.0 0.0 0.0 0.0
0.004841999150812626 0.0032030001748353243 0.0 0.0 0.0 0.0
0.004691998474299908 0.0031100003980100155 0.0 0.0 0.0 0.0
0.004552999045699835 0.0030200001783668995 0.0 0.0 0.0 0.0
0.0044279987923800945 0.0029370002448558807 0.0 0.0 0.0 0.0
0.004297999199479818 0.0028530005365610123 0.0 0.0 0.0 0.0
0.004164000041782856 0.0027640003245323896 0.0 0.0 0.0 0.0
0.004035000689327717 0.0026810006238520145 0.0 0.0 0.0 0.0
0.003910000901669264 0.0025960004422813654 0.0 0.0 0.0 0.0
0.0037700009997934103 0.0025040002074092627 0.0 0.0 0.0 0.0
0.0036450009793043137 0.0024200002662837505 0.0 0.0 0.0 0.0
0.0035340008325874805 0.002345000160858035 0.0 0.0 0.0 0.0
0.0034250004682689905 0.002271000063046813 0.0 0.0 0.0 0.0
0.0033080007415264845 0.0021940001752227545 0.0 0.0 0.0 0.0
0.003195001045241952 0.002120000310242176 0.0 0.0 0.0 0.0
0.0030950007494539022 0.0020530002657324076 0.0 0.0 0.0 0.0
0.0029930011369287968 0.001983000198379159 0.0 0.0 0.0 0.0
0.002890000818297267 0.0019150001462548971 0.0 0.0 0.0 0.0
0.0028020008467137814 0.0018560001626610756 0.0 0.0 0.0 0.0
0.0027310007717460394 0.0018080001464113593 0.0 0.0 0.0 0.0
0.0026680007576942444 0.0017640001606196165 0.0 0.0 0.0 0.0
0.0026080007664859295 0.0017230001976713538 0.0 0.0 0.0 0.0
0.0025410004891455173 0.001677000313065946 0.0 0.0 0.0 0.0
0.002480000490322709 0.0016360002337023616 0.0 0.0 0.0 0.0
0.002426000079140067 0.0015980001771822572 0.0 0.0 0.0 0.0
0.0023720001336187124 0.0015600002370774746 0.0 0.0 0.0 0.0
0.0023150003980845213 0.00151900015771389 0.0 0.0 0.0 0.0
0.002261000219732523 0.0014820002252236009 0.0 0.0 0.0 0.0
0.0022150003351271152 0.00145100022200495 0.0 0.0 0.0 0.0
0.0021760002709925175 0.0014240001328289509 0.0 0.0 0.0 0.0
0.0021390002220869064 0.0013990000588819385 0.0 0.0 0.0 0.0
0.0021120004821568727 0.0013800000306218863 0.0 0.0 0.0 0.0
0.0020930005703121424 0.0013680001720786095 0.0 0.0 0.0 0.0
0.0020800004713237286 0.0013610001187771559 0.0 0.0 0.0 0.0
0.0020580003038048744 0.001348000019788742 0.0 0.0 0.0 0.0
0.0020370003767311573 0.0013330001384019852 0.0 0.0 0.0 0.0
0.0020220002625137568 0.0013240000698715448 0.0 0.0 0.0 0.0
0.0020110004115849733 0.001317000132985413 0.0 0.0 0.0 0.0
0.00200600060634315 0.0013120000949129462 0.0 0.0 0.0 0.0
0.0019960005301982164 0.0013060001656413078 0.0 0.0 0.0 0.0
0.0019820004235953093 0.0012970000971108675 0.0 0.0 0.0 0.0
0.0019700005650520325 0.0012890000361949205 0.0 0.0 0.0 0.0
0.0019540004432201385 0.0012790000764653087 0.0 0.0 0.0 0.0
0.0019410003442317247 0.0012740001548081636 0.0 0.0 0.0 0.0
0.0019310001516714692 0.0012680001091212034 0.0 0.0 0.0 0.0
0.001912000123411417 0.0012550000101327896 0.0 0.0 0.0 0.0
0.0018840002594515681 0.001230000052601099 0.0 0.0 0.0 0.0
0.0018310000887140632 0.0011860000668093562 0.0 0.0 0.0 0.0
0.0017690000822767615 0.001129999989643693 0.0 0.0 0.0 0.0
0.0016940003260970116 0.0010660002008080482 0.0 0.0 0.0 0.0
0.0016260002739727497 0.0010050000855699182 0.0 0.0 0.0 0.0
0.001548000262118876 0.0009370000916533172 0.0 0.0 0.0 0.0
0.0014660002198070288 0.000863000052049756 0.0 0.0 0.0 0.0
0.0013660003896802664 0.0007780000451020896 0.0 0.0 0.0 0.0
0.0012900001602247357 0.0007170000462792814 0.0 0.0 0.0 0.0
0.0012550001265481114 0.0006870000506751239 0.0 0.0 0.0 0.0
0.0012460002908483148 0.000678999989759177 0.0 0.0 0.0 0.0
0.0012530002277344465 0.0006810000049881637 0.0 0.0 0.0 0.0
0.0012660000938922167 0.0006860000430606306 0.0 0.0 0.0 0.0
0.0012770001776516438 0.0006920000305399299 0.0 0.0 0.0 0.0
0.0012870001373812556 0.0006970000104047358 0.0 0.0 0.0 0.0
0.0013020001351833344 0.0007029999978840351 0.0 0.0 0.0 0.0
0.001312000211328268 0.0007070000283420086 0.0 0.0 0.0 0.0
0.001317000249400735 0.0007090000435709953 0.0 0.0 0.0 0.0
0.00132200017105788 0.0007100000511854887 0.0 0.0 0.0 0.0
0.0013180002570152283 0.0007050000131130219 0.0 0.0 0.0 0.0
0.0013160002417862415 0.0007040000054985285 0.0 0.0 0.0 0.0
0.0013250003103166819 0.0007060000207275152 0.0 0.0 0.0 0.0
0.0013520000502467155 0.0007210000185295939 0.0 0.0 0.0 0.0
0.0013900002231821418 0.0007409999961964786 0.0 0.0 0.0 0.0
0.0014480003155767918 0.0007750000804662704 0.0 0.0 0.0 0.0
0.00151900015771389 0.0008160000434145331 0.0 0.0 0.0 0.0
0.0015890002250671387 0.0008560001151636243 0.0 0.0 0.0 0.0
0.0016600003000348806 0.000897000078111887 0.0 0.0 0.0 0.0
0.001703000394627452 0.0009190000128000975 0.0 0.0 0.0 0.0
0.001738000544719398 0.0009360000840388238 0.0 0.0 0.0 0.0
0.0017550005577504635 0.0009420000715181231 0.0 0.0 0.0 0.0
0.0017730003455653787 0.0009490000084042549 0.0 0.0 0.0 0.0
0.0018140004249289632 0.0009690000442788005 0.0 0.0 0.0 0.0
0.0018300003139302135 0.0009750000899657607 0.0 0.0 0.0 0.0
0.0018540004966780543 0.0009870000649243593 0.0 0.0 0.0 0.0
0.0018770004389807582 0.0009950000094249845 0.0 0.0 0.0 0.0
0.0018970002420246601 0.001002000062726438 0.0 0.0 0.0 0.0
0.0019220003159716725 0.0010100000072270632 0.0 0.0 0.0 0.0
0.001936000189743936 0.0010130000300705433 0.0 0.0 0.0 0.0
0.0019500000635161996 0.00101500004529953 0.0 0.0 0.0 0.0
0.0019610002636909485 0.0010170000605285168 0.0 0.0 0.0 0.0
0.001973000355064869 0.0010170000605285168 0.0 0.0 0.0 0.0
0.001988000236451626 0.0010190000757575035 0.0 0.0 0.0 0.0
0.0019920002669095993 0.0010150001617148519 0.0 0.0 0.0 0.0
0.001985000679269433 0.0010040000779554248 0.0 0.0 0.0 0.0
0.001977000618353486 0.0009950001258403063 0.0 0.0 0.0 0.0
0.0019640005193650723 0.000981000135652721 0.0 0.0 0.0 0.0
0.0019370003137737513 0.0009610000997781754 0.0 0.0 0.0 0.0
0.0018990002572536469 0.0009350000182166696 0.0 0.0 0.0 0.0
0.0018640004564076662 0.0009080000454559922 0.0 0.0 0.0 0.0
0.0018440004205331206 0.0008930000476539135 0.0 0.0 0.0 0.0
0.0018270002910867333 0.0008770001004450023 0.0 0.0 0.0 0.0
0.0018690003780648112 0.0008940000552684069 0.0 0.0 0.0 0.0
0.001923000323586166 0.0009169999975711107 0.0 0.0 0.0 0.0
0.0020410004071891308 0.0009740000241436064 0.0 0.0 0.0 0.0
0.002185000106692314 0.0010410001268610358 0.0 0.0 0.0 0.0
0.0023380001075565815 0.0011100000701844692 0.0 0.0 0.0 0.0
0.0025040002074092627 0.0011870000744238496 0.0 0.0 0.0 0.0
0.0026120003312826157 0.0012330000754445791 0.0 0.0 0.0 0.0
0.002705000340938568 0.0012740001548081636 0.0 0.0 0.0 0.0
0.002769000129774213 0.0012980001047253609 0.0 0.0 0.0 0.0
0.002820000285282731 0.0013160001253709197 0.0 0.0 0.0 0.0
0.002933999989181757 0.0013620001263916492 0.0 0.0 0.0 0.0
0.002958000171929598 0.0013680000556632876 0.0 0.0 0.0 0.0
0.002984000137075782 0.0013740001013502479 0.0 0.0 0.0 0.0
0.003010000102221966 0.001382000045850873 0.0 0.0 0.0 0.0
0.0030250002164393663 0.0013840000610798597 0.0 0.0 0.0 0.0
0.0030220001935958862 0.0013780000153928995 0.0 0.0 0.0 0.0
0.0029810003470629454 0.0013549999566748738 0.0 0.0 0.0 0.0
0.0028989999555051327 0.0013130001025274396 0.0 0.0 0.0 0.0
0.0027510004583746195 0.0012420001439750195 0.0 0.0 0.0 0.0
0.002563000423833728 0.0011530000483617187 0.0 0.0 0.0 0.0
0.0023300000466406345 0.001044000149704516 0.0 0.0 0.0 0.0
0.002059000311419368 0.0009170000557787716 0.0 0.0 0.0 0.0
0.0017580001149326563 0.0007740000728517771 0.0 0.0 0.0 0.0
0.0015180003829300404 0.0006590000702999532 0.0 0.0 0.0 0.0
0.0013330001384019852 0.0005680000176653266 0.0 0.0 0.0 0.0
0.0011950001353397965 0.0004999999655410647 0.0 0.0 0.0 0.0
0.0010880001354962587 0.00044899998465552926 0.0 0.0 0.0 0.0
0.0010079999919980764 0.00041099998634308577 0.0 0.0 0.0 0.0
0.0009539999300613999 0.00038499999209307134 0.0 0.0 0.0 0.0
0.0009169998811557889 0.00036700000055134296 0.0 0.0 0.0 0.0
0.0008879999513737857 0.00035299998125992715 0.0 0.0 0.0 0.0
0.0008719999459572136 0.0003459999861661345 0.0 0.0 0.0 0.0
0.0008530000341124833 0.00033900002017617226 0.0 0.0 0.0 0.0
0.0008420000085607171 0.00033500001882202923 0.0 0.0 0.0 0.0
0.0008249999373219907 0.0003279999946244061 0.0 0.0 0.0 0.0
0.000809999939519912 0.0003220000071451068 0.0 0.0 0.0 0.0
0.0008029999444261193 0.00031999999191612005 0.0 0.0 0.0 0.0
0.0007909999694675207 0.00031499998294748366 0.0 0.0 0.0 0.0
0.0007789999945089221 0.00030999997397884727 0.0 0.0 0.0 0.0
0.000758000067435205 0.0003019999712705612 0.0 0.0 0.0 0.0
0.0007340000593103468 0.0002919999824371189 0.0 0.0 0.0 0.0
0.0007080000941641629 0.0002819999644998461 0.0 0.0 0.0 0.0
0.0006769999745301902 0.0002680000034160912 0.0 0.0 0.0 0.0
0.0006469999207183719 0.00025400001322850585 0.0 0.0 0.0 0.0
0.0006200000061653554 0.00024199999461416155 0.0 0.0 0.0 0.0
0.0005959999980404973 0.000231999991228804 0.0 0.0 0.0 0.0
0.0005750000127591193 0.00022199998784344643 0.0 0.0 0.0 0.0
0.0005569999921135604 0.0002159999858122319 0.0 0.0 0.0 0.0
0.0005450000171549618 0.00021199998445808887 0.0 0.0 0.0 0.0
0.0005339999916031957 0.00020899999071843922 0.0 0.0 0.0 0.0
0.0005309999687597156 0.00020899999071843922 0.0 0.0 0.0 0.0
0.000526999996509403 0.00020999998378101736 0.0 0.0 0.0 0.0
0.0005259999888949096 0.00021199998445808887 0.0 0.0 0.0 0.0
0.0005280000041238964 0.0002139999851351604 0.0 0.0 0.0 0.0
0.0005340000498108566 0.0002179999864893034 0.0 0.0 0.0 0.0
0.0005340000498108566 0.00022199998784344643 0.0 0.0 0.0 0.0
0.0005400000372901559 0.0002269999822601676 0.0 0.0 0.0 0.0
0.0005450000171549618 0.00023199997667688876 0.0 0.0 0.0 0.0
0.0005499999970197678 0.00023699998564552516 0.0 0.0 0.0 0.0
0.0005559999844990671 0.00024199999461416155 0.0 0.0 0.0 0.0
0.000560999964363873 0.0002470000181347132 0.0 0.0 0.0 0.0
0.000568999967072159 0.0002530000056140125 0.0 0.0 0.0 0.0
0.0005760000203736126 0.0002589999930933118 0.0 0.0 0.0 0.0
0.0005850000306963921 0.0002649999805726111 0.0 0.0 0.0 0.0
0.0005910000181756914 0.0002709999680519104 0.0 0.0 0.0 0.0
0.0005990000208839774 0.0002759999770205468 0.0 0.0 0.0 0.0
0.0006040000007487833 0.0002799999783746898 0.0 0.0 0.0 0.0
0.0006110000540502369 0.0002859999949578196 0.0 0.0 0.0 0.0
0.0006160000339150429 0.0002899999963119626 0.0 0.0 0.0 0.0
0.0006220000213943422 0.00029599995468743145 0.0 0.0 0.0 0.0
0.0006290000164881349 0.0002999999560415745 0.0 0.0 0.0 0.0
