8.8 9.5 10.0 10.5 11.0
0.050661999732255936 0.050661999732255936 0.050661999732255936 0.050661999732255936 0.0
0.9758936166763306 0.0564660020172596 0.05458199977874756 0.05458199977874756 3.000000106112566e-06
0.5452021956443787 0.05620399862527847 0.05604100227355957 0.05604100227355957 0.0
0.49937695264816284 0.05819699913263321 0.05809300020337105 0.05809300020337105 0.0
0.5137372016906738 0.060774996876716614 0.06056100130081177 0.06056100130081177 0.0
0.48925313353538513 0.06341899931430817 0.06330899894237518 0.06330899894237518 0.0
0.41612133383750916 0.06639999896287918 0.06638799607753754 0.06638799607753754 0.0
0.3739911615848541 0.07008500397205353 0.07007400691509247 0.07007400691509247 0.0
0.29314103722572327 0.07408899813890457 0.07408100366592407 0.07408100366592407 0.0
0.28711605072021484 0.07795900106430054 0.07795099914073944 0.07795099914073944 0.0
0.37475618720054626 0.08154500275850296 0.08153700083494186 0.08153700083494186 0.0
0.4027561843395233 0.08491600304841995 0.08490899950265884 0.08490899950265884 0.0
0.408724308013916 0.08783400058746338 0.08782699704170227 0.08782699704170227 0.0
0.41558730602264404 0.08979199826717377 0.08978500217199326 0.08978500217199326 0.0
0.4391884207725525 0.09191299974918365 0.09190699458122253 0.09190699458122253 0.0
0.5055882334709167 0.09526500105857849 0.09525899589061737 0.09525899589061737 0.0
0.634382426738739 0.10093699395656586 0.10089699923992157 0.10089699923992157 0.0
0.5290843844413757 0.11241699755191803 0.11241299659013748 0.11241299659013748 0.0
0.5077592134475708 0.1384350061416626 0.13843199610710144 0.13843199610710144 0.0
0.5275131464004517 0.19982200860977173 0.19981901347637177 0.19981901347637177 0.0
0.6517662405967712 0.3345099985599518 0.334507018327713 0.334507018327713 0.0
0.8818450570106506 0.5662260055541992 0.5662239789962769 0.5662239789962769 0.0
1.1158862113952637 0.8156209588050842 0.8156189918518066 0.8156189918518066 0.0
1.2267588376998901 0.9917089939117432 0.991707980632782 0.991707980632782 0.0
1.24503493309021 1.095878005027771 1.095876932144165 1.095876932144165 0.0
1.3585011959075928 1.1732439994812012 1.1732430458068848 1.1732430458068848 0.0
1.4947307109832764 1.2485159635543823 1.248515009880066 1.248515009880066 0.0
1.5921891927719116 1.318179965019226 1.3181780576705933 1.3181780576705933 0.0
1.7434695959091187 1.3690500259399414 1.3690470457077026 1.3690470457077026 0.0
2.0749199390411377 1.3983581066131592 1.3983449935913086 1.3983449935913086 0.0
1.8487989902496338 1.4140260219573975 1.4139320850372314 1.4139320850372314 0.0
1.758368730545044 1.4234659671783447 1.423429012298584 1.423429012298584 0.0
1.7558245658874512 1.4280259609222412 1.4279310703277588 1.4279310703277588 0.0
1.7654842138290405 1.4272619485855103 1.4267209768295288 1.4267209768295288 0.0
1.7754149436950684 1.4211440086364746 1.4198330640792847 1.4198330640792847 0.0
1.7859787940979004 1.4087910652160645 1.4059480428695679 1.4059480428695679 0.0
1.7939410209655762 1.3960340023040771 1.383862018585205 1.383862018585205 0.0
1.8456792831420898 1.4227709770202637 1.3542308807373047 1.3542308807373047 0.0
1.7956666946411133 1.363189935684204 1.3211798667907715 1.3211798667907715 0.0
1.748638391494751 1.2976789474487305 1.2891830205917358 1.2891830205917358 0.0
1.7508889436721802 1.2608439922332764 1.2568010091781616 1.2568010091781616 0.0
1.8025259971618652 1.2302379608154297 1.2250609397888184 1.2250609397888184 0.0
1.9664125442504883 1.2038600444793701 1.1964778900146484 1.1964778900146484 0.0
2.2467520236968994 1.179399013519287 1.1686179637908936 1.168612003326416 0.0
2.5112249851226807 1.152237057685852 1.1376060247421265 1.137463092803955 0.0
2.734196424484253 1.1197659969329834 1.1008930206298828 1.0989179611206055 0.0
2.6065077781677246 1.077241063117981 1.0546380281448364 1.0527540445327759 0.0
2.5300955772399902 1.0277299880981445 1.0024230480194092 1.0014029741287231 0.0
2.648602247238159 0.9725039601325989 0.9447069764137268 0.9400449395179749 0.0
2.608322858810425 0.8967380523681641 0.8675600290298462 0.8597700595855713 0.0
2.6074516773223877 0.7861820459365845 0.7573260068893433 0.7550089955329895 0.0
2.531111478805542 0.6640840172767639 0.6370090246200562 0.6350020170211792 0.0
2.5697779655456543 0.5424249768257141 0.5178939700126648 0.5134609937667847 0.0
2.2336080074310303 0.44051501154899597 0.4187310039997101 0.41434499621391296 0.0
1.986531376838684 0.3650889992713928 0.3451160192489624 0.3426709771156311 0.0
1.8578383922576904 0.31456997990608215 0.2955330014228821 0.2950040102005005 0.0
1.9385473728179932 0.28322696685791016 0.26357898116111755 0.2628229856491089 0.0
2.3130910396575928 0.277228981256485 0.24121502041816711 0.2394930124282837 0.0
2.152858018875122 0.25231000781059265 0.22351199388504028 0.22146201133728027 0.0
2.28828501701355 0.2364790141582489 0.20881199836730957 0.20671099424362183 0.0
2.4522523880004883 0.22529399394989014 0.19668500125408173 0.19447800517082214 0.0
2.6142609119415283 0.22688798606395721 0.18669000267982483 0.18418599665164948 0.0
2.661992311477661 0.2258819341659546 0.17851099371910095 0.17593100666999817 0.0
3.019371747970581 0.2390369027853012 0.1725270003080368 0.1699489951133728 0.0
3.7998602390289307 0.29427391290664673 0.1692579835653305 0.16548199951648712 0.0
4.989216327667236 0.4598921835422516 0.18790999054908752 0.16162601113319397 0.0
5.398879528045654 0.5991653203964233 0.1653749942779541 0.15864700078964233 0.0
4.775115966796875 0.5668133497238159 0.15954598784446716 0.15695199370384216 0.0
5.432893753051758 0.7170610427856445 0.15884698927402496 0.15660199522972107 0.0
7.889016628265381 1.3016356229782104 0.16051998734474182 0.15725499391555786 0.0
10.22105598449707 1.9851735830307007 0.16509899497032166 0.15872099995613098 0.0
9.566237449645996 1.9578626155853271 0.16830897331237793 0.163875013589859 0.0
8.964693069458008 1.8348126411437988 0.16790199279785156 0.16333000361919403 0.0
9.779632568359375 1.9390819072723389 0.21834197640419006 0.212910994887352 0.0
10.384391784667969 1.974289894104004 0.3527490198612213 0.3465979993343353 0.0
9.634431838989258 1.6155672073364258 0.1996849775314331 0.19294798374176025 0.0
8.89177131652832 1.3812342882156372 0.17345698177814484 0.16519999504089355 0.0
8.764354705810547 1.2981969118118286 0.17681600153446198 0.16534000635147095 0.0
9.21218204498291 1.297803521156311 0.18410898745059967 0.1673090010881424 0.0
9.973952293395996 1.348860740661621 0.1934189796447754 0.1699410080909729 0.0
10.612931251525879 1.3520008325576782 0.2056570053100586 0.1735379993915558 0.0
8.775092124938965 1.2359699010849 0.21039797365665436 0.1723869889974594 0.0
9.547015190124512 1.1967605352401733 0.22763796150684357 0.17518800497055054 0.0
12.770800590515137 1.2200517654418945 0.2581479549407959 0.18273799121379852 0.0
14.11694622039795 1.2346243858337402 0.27544695138931274 0.18588298559188843 9.999999974752427e-07
15.786773681640625 1.2997273206710815 0.3006858825683594 0.1911259889602661 1.9999999949504854e-06
18.079051971435547 1.4115526676177979 0.315437912940979 0.19606299698352814 4.999999873689376e-06
20.112905502319336 1.4741485118865967 0.3426029682159424 0.20182299613952637 1.1000000085914508e-05
21.441925048828125 1.5173530578613281 0.3885720670223236 0.20934098958969116 1.8000000636675395e-05
23.424558639526367 1.6431108713150024 0.4460776150226593 0.2183080017566681 2.9999999242136255e-05
25.51369857788086 1.7914279699325562 0.5089136958122253 0.2270299792289734 4.8999998398358e-05
27.721933364868164 1.9741618633270264 0.5777506232261658 0.2373969554901123 5.8000001445179805e-05
37.56965637207031 2.452134847640991 0.6779808402061462 0.25330501794815063 0.0001140000022132881
45.85201644897461 2.9777719974517822 0.8396281003952026 0.3123379945755005 0.0001539999939268455
50.3905029296875 3.4090452194213867 0.9475911855697632 0.29995599389076233 0.00027799999224953353
57.9589729309082 4.066997528076172 1.1395128965377808 0.33817797899246216 0.0002899999963119626
68.04759979248047 4.977088928222656 1.4033793210983276 0.40079396963119507 0.00028100001509301364
80.61344909667969 6.194795608520508 1.7495200634002686 0.49022597074508667 0.00031400000443682075
95.31055450439453 7.614686489105225 2.162838935852051 0.6072501540184021 0.0003719999804161489
110.89862823486328 9.038613319396973 2.633777141571045 0.7613371014595032 0.0005000000237487257
128.58993530273438 10.3214750289917 3.101243019104004 0.9139281511306763 0.0005189999938011169
148.36721801757812 11.482287406921387 3.5181519985198975 1.024566650390625 0.00047199998516589403
169.21701049804688 12.7652587890625 3.9554402828216553 1.138676404953003 0.00046499999007210135
184.5709228515625 14.283350944519043 4.4233856201171875 1.2451521158218384 0.0005139999557286501
246.28919982910156 16.374248504638672 5.039227485656738 1.3042892217636108 0.0005520000122487545
257.95538330078125 18.373088836669922 5.700806140899658 1.3707488775253296 0.005075997672975063
267.0469970703125 20.65195083618164 6.553429126739502 1.4829933643341064 0.02373500168323517
301.33319091796875 23.201562881469727 7.447617530822754 1.6287566423416138 0.058793991804122925
347.4565124511719 26.432147979736328 8.446769714355469 1.798497200012207 0.12643195688724518
401.9339599609375 30.497669219970703 9.578929901123047 1.9284204244613647 0.16395798325538635
461.0428161621094 35.2314338684082 10.737909317016602 2.0162408351898193 0.12773598730564117
525.3920288085938 39.474239349365234 11.461268424987793 2.033165454864502 0.05896999314427376
591.32275390625 42.20493698120117 12.226829528808594 2.082582473754883 0.04360799863934517
668.8069458007812 48.247283935546875 13.709232330322266 2.3695828914642334 0.0819779708981514
760.8179931640625 57.78333282470703 16.033897399902344 2.9321401119232178 0.20059198141098022
853.3169555664062 68.25587463378906 19.253572463989258 3.7840030193328857 0.39802712202072144
911.1807861328125 73.73790740966797 23.09746551513672 4.7114129066467285 0.5925270915031433
799.9962158203125 64.76920318603516 23.716352462768555 5.652677536010742 0.7559022307395935
696.092529296875 65.61177062988281 27.767990112304688 7.64080286026001 1.2688417434692383
794.6530151367188 79.42845916748047 36.284461975097656 12.259805679321289 3.1707284450531006
1121.0462646484375 110.32586669921875 51.68825149536133 21.226957321166992 6.951388359069824
1749.318603515625 189.60879516601562 78.18368530273438 32.67573165893555 9.742778778076172
2037.58984375 237.5175018310547 98.02195739746094 41.81884002685547 11.605156898498535
555.229736328125 356.64971923828125 311.7851257324219 224.50982666015625 45.258262634277344
2689.215576171875 384.8365783691406 161.77577209472656 74.35223388671875 20.438899993896484
3089.377685546875 465.8705139160156 201.92100524902344 87.95317840576172 21.971765518188477
3070.47314453125 441.14447021484375 221.5330810546875 95.95862579345703 16.977323532104492
2840.6357421875 363.21795654296875 195.74114990234375 77.97537231445312 11.3031587600708
2501.50927734375 355.8739013671875 200.96078491210938 78.52302551269531 9.311352729797363
2196.787353515625 371.6324462890625 216.31661987304688 81.57886505126953 8.547679901123047
2098.205322265625 405.269775390625 239.1005401611328 88.20576477050781 8.023860931396484
2213.35693359375 454.2961120605469 268.3155517578125 97.27091217041016 7.6434502601623535
2519.8427734375 515.1217651367188 299.887451171875 105.70930480957031 7.0127787590026855
2994.20703125 597.7509155273438 341.2265625 117.06499481201172 7.380857944488525
3579.114013671875 706.3119506835938 398.01318359375 134.60406494140625 9.374073028564453
4278.34130859375 847.4016723632812 474.4128112792969 159.30422973632812 13.393057823181152
5179.1845703125 1038.9803466796875 578.6572875976562 193.29981994628906 20.019939422607422
6236.3212890625 1277.6240234375 709.091064453125 243.122802734375 31.168346405029297
7484.9814453125 1561.71142578125 857.7284545898438 293.83209228515625 42.32578659057617
9316.759765625 1963.7393798828125 1047.1617431640625 349.88226318359375 52.66902160644531
12289.2685546875 2608.379150390625 1300.0474853515625 412.76971435546875 60.66584014892578
16059.0927734375 3560.4375 1640.056396484375 506.8126525878906 72.09001159667969
19473.685546875 4652.7607421875 2075.53955078125 653.4091186523438 92.83100128173828
23305.546875 6076.5546875 2647.450927734375 853.4739379882812 120.00065612792969
25994.85546875 7271.9892578125 3164.83154296875 1074.6956787109375 157.30799865722656
27593.513671875 8140.82080078125 3695.1064453125 1341.613525390625 222.2145233154297
33683.2578125 10810.640625 4800.65185546875 1823.0062255859375 344.4736328125
46672.8125 16997.0625 7143.45263671875 2622.489501953125 517.7410278320312
55292.20703125 21305.912109375 8844.939453125 3292.93603515625 709.9222412109375
69681.171875 28455.091796875 11008.6552734375 3924.604248046875 913.22509765625
81145.515625 34809.9921875 12862.8447265625 4496.90966796875 1122.7523193359375
75490.4296875 31932.064453125 12419.892578125 4858.70263671875 1276.8492431640625
66837.15625 27785.015625 11925.9111328125 5346.24072265625 1456.400634765625
62230.921875 25957.75 12372.931640625 6072.97705078125 1689.249267578125
62199.109375 26261.130859375 13251.818359375 6652.12841796875 1822.9918212890625
61989.69921875 26539.30859375 14073.4482421875 7183.2119140625 1910.126220703125
64003.875 28127.50390625 15565.78515625 8121.6962890625 2152.51611328125
65425.0390625 29439.46875 16770.322265625 8823.1044921875 2313.99755859375
66862.53125 30724.5859375 17817.826171875 9338.0546875 2393.941650390625
68786.453125 32212.02734375 18783.576171875 9686.6650390625 2448.371826171875
71063.1171875 33974.6953125 19763.32421875 9975.1171875 2372.728515625
73259.546875 35781.44140625 20780.587890625 10359.84375 2379.069091796875
75827.515625 37766.15234375 21621.052734375 10588.23828125 2349.574462890625
77614.1328125 39199.41796875 22141.490234375 10637.70703125 2279.602783203125
77776.453125 39342.71875 22213.830078125 10625.341796875 2260.289306640625
76235.71875 38299.9765625 21993.06640625 10676.0302734375 2282.088134765625
75792.734375 37982.1875 21936.3828125 10686.40234375 2228.275146484375
73201.40625 36337.046875 21357.466796875 10627.1962890625 2257.5556640625
71794.0859375 35448.6015625 20965.28515625 10521.396484375 2240.97314453125
71573.1953125 35367.55859375 20950.39453125 10561.92578125 2312.809814453125
71452.3046875 35307.046875 20916.46484375 10595.8505859375 2371.906005859375
75611.3046875 38039.52734375 21944.10546875 10692.3095703125 2307.49267578125
82194.3671875 42462.765625 23603.259765625 10796.099609375 2235.64990234375
83645.40625 42978.484375 23400.884765625 10338.3408203125 2057.005615234375
84820.828125 43187.4296875 23219.193359375 9967.5634765625 1923.239990234375
86212.1640625 43796.640625 23440.181640625 9889.00390625 1877.7818603515625
87446.84375 44450.8828125 23755.03515625 9943.0341796875 1846.8704833984375
85688.0390625 43383.109375 23350.775390625 9841.9970703125 1865.8006591796875
83136.5859375 41650.1171875 22426.71875 9487.4951171875 1777.19189453125
80681.6875 39969.44140625 21469.96875 9143.4072265625 1739.1083984375
80016.1171875 39690.171875 21193.25 8981.43359375 1726.209716796875
79610.875 39626.48046875 20986.189453125 8829.9658203125 1713.1485595703125
79433.453125 39760.22265625 20967.6796875 8769.6005859375 1729.247314453125
78988.9609375 39813.21484375 21114.3203125 8815.5732421875 1765.339111328125
77722.4609375 39365.42578125 21077.349609375 8823.7646484375 1735.3759765625
75477.7265625 38253.31640625 20645.892578125 8714.85546875 1694.5823974609375
72371.6484375 36488.0625 19636.49609375 8284.408203125 1590.978271484375
68684.6875 34077.6953125 18207.990234375 7702.70068359375 1478.740234375
64635.8828125 31303.599609375 16575.248046875 7047.60205078125 1352.4971923828125
62673.20703125 30064.23828125 15820.58203125 6703.7529296875 1268.900634765625
61108.87109375 29081.4375 15133.9970703125 6341.5302734375 1158.5611572265625
60406.93359375 28754.001953125 14760.357421875 6086.880859375 1099.5860595703125
60283.83984375 28873.71875 14614.240234375 5908.51953125 1058.773681640625
60367.05859375 29135.4609375 14568.0185546875 5769.23193359375 1020.1138916015625
54857.515625 26991.796875 12929.857421875 5119.43603515625 965.0655517578125
61117.15625 30076.0546875 14792.201171875 5625.3203125 948.4078369140625
60662.33984375 30284.056640625 14815.6884765625 5562.6279296875 918.7734375
60790.2265625 30669.759765625 14904.865234375 5452.22216796875 894.0875854492188
61086.4375 31162.673828125 15037.1826171875 5341.9130859375 840.975341796875
58524.73046875 29489.10546875 14035.91796875 4853.4921875 727.190185546875
54621.53125 26850.6171875 12550.0361328125 4268.63720703125 618.2820434570312
51172.93359375 25015.41796875 11370.8466796875 3736.167724609375 548.0349731445312
42492.19140625 18861.7265625 8817.384765625 3211.00244140625 488.4031982421875
35317.73828125 14336.1708984375 6901.89306640625 2717.62109375 419.3270568847656
29508.728515625 10955.4189453125 5523.2041015625 2348.307861328125 370.744384765625
34542.83984375 14101.654296875 6544.42041015625 2459.11767578125 362.7924499511719
26931.57421875 9785.1484375 4799.3603515625 1975.405029296875 301.6216125488281
27291.07421875 10112.0546875 4794.12890625 1880.6129150390625 275.57928466796875
22217.689453125 7440.80078125 3753.16357421875 1594.3936767578125 244.4075164794922
18684.34375 5793.23974609375 3078.660888671875 1370.3961181640625 212.91151428222656
17319.224609375 5183.392578125 2739.88232421875 1202.873291015625 177.6879119873047
16610.810546875 4893.67578125 2538.53955078125 1089.0369873046875 155.9446258544922
16317.15625 4832.61279296875 2452.498291015625 1028.2576904296875 145.50389099121094
17974.6953125 5778.6875 2719.101806640625 1046.9893798828125 141.4110565185547
15612.291015625 4691.85400390625 2299.11767578125 922.3116455078125 125.59327697753906
15377.0546875 4631.91943359375 2194.983642578125 842.5817260742188 108.39698028564453
12753.37890625 3588.7275390625 1778.5345458984375 701.1754150390625 88.44951629638672
11398.5556640625 3028.18505859375 1527.9482421875 605.5276489257812 74.150390625
11049.7783203125 3041.26318359375 1546.150146484375 595.073486328125 73.6796646118164
9716.6396484375 2632.692138671875 1423.3482666015625 592.6937866210938 82.93449401855469
9332.66015625 2464.388427734375 1306.1971435546875 528.033203125 70.96455383300781
9007.83203125 2289.45703125 1159.8709716796875 446.02642822265625 54.309112548828125
8196.7265625 1866.348876953125 920.1555786132812 347.41070556640625 38.32058334350586
7636.75146484375 1659.033935546875 813.3889770507812 302.99346923828125 32.770790100097656
7233.8173828125 1521.644775390625 739.7455444335938 271.6899108886719 28.237625122070312
6880.4814453125 1402.484375 674.5811157226562 244.07614135742188 24.775474548339844
6032.7548828125 1225.438232421875 598.3467407226562 213.71644592285156 21.25186538696289
5649.296875 1110.2327880859375 535.7050170898438 186.722412109375 18.093647003173828
5359.03759765625 1018.6180419921875 483.64056396484375 164.1556854248047 15.57561206817627
5119.37255859375 937.7249755859375 438.59393310546875 145.39845275878906 13.603665351867676
4910.80322265625 868.27880859375 399.599853515625 129.36268615722656 12.03152084350586
4735.89208984375 807.967529296875 365.05877685546875 115.24951934814453 10.755912780761719
4563.89306640625 752.3416137695312 334.00830078125 102.83138275146484 9.81368637084961
4391.83203125 700.8019409179688 306.1943664550781 92.10250091552734 9.163884162902832
4196.02978515625 646.62841796875 279.71038818359375 82.61410522460938 8.68896770477295
4041.74267578125 606.6585693359375 258.6331787109375 74.72015380859375 8.182502746582031
3560.69189453125 536.1771240234375 233.12057495117188 66.67341613769531 7.43117094039917
3398.25537109375 494.0191650390625 213.1832275390625 59.92316436767578 6.608959674835205
3277.879638671875 462.82476806640625 197.3572540283203 54.42869567871094 5.895350456237793
3156.628662109375 432.4044494628906 182.38018798828125 49.4375 5.311476707458496
3047.991455078125 406.12432861328125 169.30101013183594 45.06395721435547 4.8224592208862305
2945.700927734375 382.93304443359375 158.18746948242188 41.3416748046875 4.392543315887451
2839.918212890625 359.71514892578125 147.1248321533203 37.574928283691406 3.7318313121795654
2749.994384765625 340.6191101074219 137.79226684570312 34.46524429321289 3.2905538082122803
2672.444091796875 325.2566223144531 130.28501892089844 31.880496978759766 2.9686763286590576
2582.284423828125 307.095458984375 122.27450561523438 29.323287963867188 2.6341986656188965
2262.490234375 273.7230224609375 112.06844329833984 26.77834701538086 2.3138084411621094
2212.42529296875 265.3106384277344 107.76091003417969 25.132463455200195 2.0463502407073975
2186.360595703125 263.4345397949219 105.73503875732422 23.986207962036133 1.8178598880767822
2156.15576171875 261.6895751953125 103.69436645507812 23.09529685974121 1.6421830654144287
2150.697021484375 267.0997009277344 102.76384735107422 22.78426742553711 1.5052361488342285
2146.253173828125 273.6853942871094 100.94792938232422 22.890138626098633 1.4040985107421875
2109.184326171875 273.7249755859375 98.67748260498047 22.74761962890625 1.310041069984436
2065.916259765625 272.028076171875 96.4083480834961 22.822629928588867 1.2334604263305664
1979.6942138671875 259.3994140625 91.74751281738281 22.004261016845703 1.1532692909240723
1894.0592041015625 247.3789825439453 87.61312103271484 21.350299835205078 1.0931792259216309
1637.2418212890625 218.9447784423828 80.96183013916016 20.26775360107422 1.0339312553405762
1543.9088134765625 203.63400268554688 75.96430969238281 19.219419479370117 0.9689019322395325
1451.601806640625 188.73672485351562 71.15464782714844 18.1241455078125 0.9078161716461182
1363.16796875 174.8860626220703 66.6981430053711 17.06967544555664 0.8508562445640564
1280.02587890625 162.3807373046875 62.654396057128906 16.089954376220703 0.7980319857597351
1201.8995361328125 151.0779266357422 58.95942306518555 15.209188461303711 0.7493561506271362
1128.29931640625 141.10523986816406 55.72199249267578 14.390868186950684 0.7086291909217834
1064.729248046875 133.55648803710938 53.3688850402832 13.818470001220703 0.6852400302886963
1005.863525390625 126.9690933227539 51.36558532714844 13.327393531799316 0.665708065032959
951.5908203125 121.18524932861328 49.618804931640625 12.889966011047363 0.6509732604026794
822.2887573242188 110.22115325927734 47.11438751220703 12.360085487365723 0.6390921473503113
777.3862915039062 105.518310546875 45.640296936035156 11.977688789367676 0.6254540085792542
733.7391967773438 101.18209075927734 44.325687408447266 11.63426685333252 0.6127821207046509
691.42333984375 97.02310943603516 43.06428909301758 11.31289291381836 0.6048510074615479
649.8570556640625 93.11094665527344 41.92701721191406 11.021146774291992 0.5945441126823425
610.05126953125 89.40814971923828 40.8617057800293 10.749394416809082 0.586903989315033
572.196533203125 86.00137329101562 39.90999984741211 10.507852554321289 0.5737370848655701
536.8865356445312 82.84971618652344 39.028656005859375 10.2872953414917 0.5683210492134094
503.8919982910156 79.97930145263672 38.233245849609375 10.091386795043945 0.5625019669532776
472.853271484375 77.18803405761719 37.41292953491211 9.885704040527344 0.5569900870323181
409.3647155761719 71.84574127197266 36.00857925415039 9.596792221069336 0.5501390695571899
383.41510009765625 69.17951965332031 35.100807189941406 9.381704330444336 0.5449520945549011
358.6701354980469 66.49134826660156 34.13548278808594 9.153878211975098 0.5395530462265015
335.3843078613281 63.87336730957031 33.16256332397461 8.924921035766602 0.5330920219421387
313.73974609375 61.382408142089844 32.215091705322266 8.697578430175781 0.5246519446372986
293.9692077636719 59.15585708618164 31.39967918395996 8.536230087280273 0.5193591117858887
276.0456237792969 57.12972640991211 30.652942657470703 8.378317832946777 0.515889048576355
259.89019775390625 55.312103271484375 29.99759292602539 8.259589195251465 0.5133969783782959
245.327880859375 53.62086868286133 29.364534378051758 8.123692512512207 0.4888361394405365
232.16226196289062 52.033233642578125 28.748010635375977 7.987237453460693 0.46723002195358276
204.47808837890625 49.13125228881836 27.778472900390625 7.805314540863037 0.46591803431510925
104.31965637207031 30.98578453063965 15.751463890075684 2.5631484985351562 0.06699599325656891
184.84951782226562 46.384090423583984 26.593416213989258 7.530113220214844 0.4378000795841217
175.69728088378906 45.04026794433594 25.992700576782227 7.379675388336182 0.40444502234458923
166.93324279785156 43.77249526977539 25.441944122314453 7.254141330718994 0.4003179669380188
158.64979553222656 42.665435791015625 24.978748321533203 7.14945125579834 0.4010580778121948
150.50709533691406 41.397525787353516 24.433155059814453 7.028470039367676 0.39956098794937134
142.77435302734375 40.224761962890625 23.917762756347656 6.898558616638184 0.38901305198669434
135.3635711669922 39.03977966308594 23.37580108642578 6.751504898071289 0.37801897525787354
128.33151245117188 37.84877014160156 22.803972244262695 6.585551738739014 0.36840498447418213
113.93074798583984 35.76998519897461 21.901771545410156 6.330423831939697 0.338113009929657
108.28368377685547 34.68025207519531 21.325420379638672 6.142660140991211 0.3270490765571594
102.92451477050781 33.56737518310547 20.695701599121094 5.921759128570557 0.31674304604530334
97.99365234375 32.54113006591797 20.139636993408203 5.74653959274292 0.3094460368156433
93.72804260253906 31.776762008666992 19.81019401550293 5.695137023925781 0.30988702178001404
89.10438537597656 30.6457462310791 19.093538284301758 5.416961669921875 0.2938549816608429
85.10748291015625 29.793155670166016 18.618703842163086 5.2706298828125 0.2867029905319214
81.193359375 28.840545654296875 18.01780128479004 5.033801555633545 0.2495489865541458
77.40573120117188 27.80348014831543 17.322677612304688 4.721133232116699 0.21754097938537598
73.73331451416016 26.71691131591797 16.594118118286133 4.447883129119873 0.19699302315711975
66.05488586425781 25.10181427001953 15.747295379638672 4.197086811065674 0.16695700585842133
62.98522186279297 24.054018020629883 15.074173927307129 3.9599599838256836 0.14639796316623688
59.9243049621582 22.939943313598633 14.331448554992676 3.670161008834839 0.12451699376106262
57.05823516845703 21.920650482177734 13.666032791137695 3.4332244396209717 0.11428198963403702
54.3707389831543 21.003923416137695 13.083640098571777 3.240321636199951 0.10647901147603989
51.85712432861328 20.180049896240234 12.571084976196289 3.0812504291534424 0.09976501762866974
49.70657730102539 19.600963592529297 12.29355239868164 3.0352272987365723 0.08966299146413803
47.34442138671875 18.804088592529297 11.743597030639648 2.8455851078033447 0.08210401237010956
45.314971923828125 18.208698272705078 11.396132469177246 2.759765148162842 0.07901301234960556
43.24809646606445 17.525203704833984 10.94001579284668 2.6173086166381836 0.07228599488735199
38.96503448486328 16.453628540039062 10.295848846435547 2.434170961380005 0.06597699970006943
37.19245529174805 15.793731689453125 9.838839530944824 2.2872397899627686 0.060010991990566254
35.5670280456543 15.203615188598633 9.453397750854492 2.178377628326416 0.055379997938871384
34.07552719116211 14.673272132873535 9.11895751953125 2.0905356407165527 0.051316998898983
32.61836624145508 14.13394832611084 8.775657653808594 1.9995381832122803 0.04768799990415573
31.209976196289062 13.60151195526123 8.441370964050293 1.9133490324020386 0.04467799887061119
29.86849594116211 13.116874694824219 8.17955207824707 1.8701139688491821 0.042973000556230545
28.64455795288086 12.666983604431152 7.913517951965332 1.8148906230926514 0.0396760031580925
27.34563446044922 12.11491584777832 7.522146224975586 1.692373514175415 0.036083001643419266
26.302207946777344 11.741368293762207 7.306169509887695 1.6566476821899414 0.03453399986028671
23.987539291381836 11.103304862976074 6.926090240478516 1.5741853713989258 0.030903000384569168
23.07358741760254 10.734359741210938 6.673592567443848 1.5112570524215698 0.0283689983189106
22.2097225189209 10.384276390075684 6.431303024291992 1.447012186050415 0.024057000875473022
21.36546516418457 10.040971755981445 6.21066427230835 1.3968535661697388 0.022179001942276955
20.515764236450195 9.680143356323242 5.972644329071045 1.3410162925720215 0.020215997472405434
19.74980926513672 9.363347053527832 5.75703763961792 1.2869393825531006 0.018713999539613724
19.000761032104492 9.05070686340332 5.551394462585449 1.2397363185882568 0.01702599972486496
18.336551666259766 8.782746315002441 5.36827278137207 1.1928502321243286 0.015804000198841095
17.691387176513672 8.519357681274414 5.190615177154541 1.1500444412231445 0.014634999446570873
17.078449249267578 8.267931938171387 5.020862579345703 1.1101140975952148 0.0135670006275177
15.716581344604492 7.861389636993408 4.780086994171143 1.0586425065994263 0.012476000003516674
15.182506561279297 7.631747722625732 4.627182960510254 1.023268699645996 0.011528000235557556
14.662752151489258 7.406078338623047 4.480062961578369 0.9929347038269043 0.010724999941885471
14.150408744812012 7.177413463592529 4.329460620880127 0.955927312374115 0.009883999824523926
13.63671588897705 6.936378002166748 4.166476726531982 0.9077406525611877 0.009026999585330486
13.09683609008789 6.665032863616943 3.976792097091675 0.8456350564956665 0.00802799966186285
12.5839262008667 6.401547908782959 3.7848408222198486 0.7717368602752686 0.007104999851435423
12.097737312316895 6.157807350158691 3.620065927505493 0.7273580431938171 0.005559999495744705
11.644857406616211 5.929270267486572 3.4662957191467285 0.6863936185836792 0.0037400000728666782
11.18298053741455 5.684652328491211 3.3038415908813477 0.6370105743408203 0.003002000041306019
10.228595733642578 5.325138092041016 3.0855352878570557 0.5805829763412476 0.0019480000482872128
9.825916290283203 5.102211952209473 2.943310022354126 0.5460772514343262 0.000547999981790781
9.45820140838623 4.895613670349121 2.8092825412750244 0.5076400637626648 0.0004140000091865659
9.10611629486084 4.697660446166992 2.687872886657715 0.4813092350959778 0.00038800001493655145
8.785083770751953 4.512466907501221 2.572495937347412 0.4546252191066742 4.400000034365803e-05
8.523116111755371 4.364779472351074 2.485870838165283 0.44042909145355225 3.400000059627928e-05
8.313976287841797 4.245351314544678 2.4151558876037598 0.4267302453517914 3.600000127335079e-05
8.145805358886719 4.15315055847168 2.3674697875976562 0.4244973361492157 2.9999999242136255e-05
7.997539043426514 4.0716071128845215 2.323989152908325 0.4213043749332428 1.9999999494757503e-05
7.868600845336914 4.0030364990234375 2.2934205532073975 0.42323431372642517 0.0
7.3943657875061035 3.854487419128418 2.2272067070007324 0.4188251793384552 0.0
7.300997257232666 3.803638458251953 2.20625901222229 0.419040322303772 0.0
7.219706058502197 3.7642993927001953 2.1997737884521484 0.4286123216152191 0.0
7.14324426651001 3.729182243347168 2.1961829662323 0.4406282603740692 0.0
7.055567264556885 3.683983087539673 2.182309865951538 0.45001620054244995 0.0
6.963623523712158 3.6349289417266846 2.163902997970581 0.4510481655597687 0.0
6.871950626373291 3.5890536308288574 2.1503214836120605 0.4603882431983948 0.0
6.788895130157471 3.5489919185638428 2.1393444538116455 0.4686821401119232 0.0
6.710803031921387 3.513444185256958 2.1300134658813477 0.4781501591205597 0.0
6.635150909423828 3.4793646335601807 2.1194233894348145 0.4825211465358734 0.0
6.306914329528809 3.392162799835205 2.082097053527832 0.489973247051239 0.0
6.255167484283447 3.375296115875244 2.080916166305542 0.49910634756088257 0.0
6.2226243019104 3.373870849609375 2.090392827987671 0.5128182172775269 0.0
6.175381660461426 3.3607676029205322 2.088127374649048 0.5199910998344421 0.0
6.160506248474121 3.3743269443511963 2.109220027923584 0.5389060378074646 0.0
6.1112236976623535 3.360274314880371 2.107880115509033 0.5452761054039001 0.0
6.102032661437988 3.3794703483581543 2.134798049926758 0.5664679408073425 0.0
6.066830158233643 3.3796260356903076 2.14880633354187 0.5837510824203491 0.0
6.0502753257751465 3.393671989440918 2.1704790592193604 0.6028221249580383 0.0
6.017327308654785 3.3951597213745117 2.182483196258545 0.6181391477584839 0.0
5.7763776779174805 3.3374290466308594 2.160567045211792 0.6255861520767212 0.0
5.704138278961182 3.302703619003296 2.1432409286499023 0.6196451783180237 0.0
5.656924247741699 3.287701368331909 2.13814640045166 0.630567193031311 0.0
5.588622093200684 3.259996175765991 2.129329204559326 0.6412492394447327 0.0
5.517619609832764 3.2153170108795166 2.088876247406006 0.5989719033241272 0.0
5.38887357711792 3.1220338344573975 2.0086841583251953 0.5347210168838501 0.0
5.361134052276611 3.1214795112609863 2.012131690979004 0.5435711145401001 0.0
5.306133270263672 3.090862989425659 1.9832420349121094 0.5161031484603882 0.0
5.351012706756592 3.147313117980957 2.0303618907928467 0.5467110276222229 0.0
5.382273197174072 3.19232177734375 2.0677764415740967 0.5798890590667725 0.0
5.158178806304932 3.0929863452911377 1.9839940071105957 0.5158860683441162 0.0
5.191088676452637 3.135751247406006 2.0112075805664062 0.5321110486984253 0.0
5.196110248565674 3.161245822906494 2.0295443534851074 0.5447861552238464 0.0
5.0571441650390625 3.0494513511657715 1.9170931577682495 0.48429206013679504 0.0
5.024513244628906 3.047152519226074 1.9178391695022583 0.48068898916244507 0.0
4.996356964111328 3.0494585037231445 1.9249897003173828 0.4802490174770355 0.0
4.989709377288818 3.070256233215332 1.9493718147277832 0.49192801117897034 0.0
4.9792680740356445 3.084516763687134 1.966343879699707 0.49563300609588623 0.0
4.980195999145508 3.1070175170898438 1.98910391330719 0.5024288892745972 0.0
4.907038688659668 3.0525882244110107 1.9332830905914307 0.5162590146064758 0.0
4.760856628417969 3.005112886428833 1.9133148193359375 0.5239300727844238 0.0
4.75551176071167 3.0135512351989746 1.92011559009552 0.520706057548523 0.0
4.68856143951416 2.9606850147247314 1.8669060468673706 0.5134900212287903 0.0
4.677599906921387 2.965054750442505 1.8735170364379883 0.5182900428771973 0.0
4.664114952087402 2.968545913696289 1.8822426795959473 0.5243750214576721 0.0
0.3671033978462219 0.3364124000072479 0.09186092764139175 0.006205999292433262 0.0
4.592957019805908 2.9350204467773438 1.862958312034607 0.5027779936790466 0.0
4.575063228607178 2.935086727142334 1.8661459684371948 0.5035359859466553 0.0
4.56056547164917 2.936878204345703 1.8674746751785278 0.5082229971885681 0.0
4.5548930168151855 2.9465279579162598 1.8763256072998047 0.5116519331932068 0.0
4.428779125213623 2.897181987762451 1.8514152765274048 0.4980119466781616 0.0
4.417766094207764 2.900799512863159 1.8569765090942383 0.4987070858478546 0.0
4.381403923034668 2.8809361457824707 1.841896414756775 0.48537102341651917 0.0
4.342470645904541 2.861258029937744 1.8308295011520386 0.4791440963745117 0.0
4.31089448928833 2.8507771492004395 1.8311247825622559 0.4873790442943573 0.0
4.253819465637207 2.8158791065216064 1.807607889175415 0.4700179696083069 0.0
4.164196968078613 2.748859167098999 1.7513612508773804 0.41757604479789734 0.0
4.068043231964111 2.6749329566955566 1.6856019496917725 0.3534720242023468 0.0
4.026860237121582 2.6553359031677246 1.67244291305542 0.3390539586544037 0.0
3.991266965866089 2.640793800354004 1.6638637781143188 0.33067500591278076 0.0
3.879885196685791 2.5954160690307617 1.643690824508667 0.3338630497455597 0.0
3.8153154850006104 2.549191474914551 1.6040832996368408 0.3054150640964508 0.0
3.754028797149658 2.5064237117767334 1.5694940090179443 0.28050699830055237 0.0
3.715817451477051 2.486891746520996 1.559715747833252 0.2813781499862671 0.0
3.6631240844726562 2.4530465602874756 1.5358830690383911 0.263109028339386 0.0
3.583557367324829 2.393019914627075 1.4850995540618896 0.21621596813201904 0.0
3.51125431060791 2.3401482105255127 1.4416923522949219 0.17531900107860565 0.0
3.4709067344665527 2.3212080001831055 1.4319278001785278 0.1649179458618164 0.0
3.4246432781219482 2.29624605178833 1.4174022674560547 0.15216097235679626 0.0
3.3700308799743652 2.2631425857543945 1.3954715728759766 0.13397498428821564 0.0
3.2476770877838135 2.195676565170288 1.3560978174209595 0.12334098666906357 0.0
3.195665121078491 2.16267728805542 1.3348791599273682 0.11218299716711044 0.0
3.139946222305298 2.124343156814575 1.3078099489212036 0.10668899118900299 0.0
3.0849406719207764 2.0852394104003906 1.2796260118484497 0.10085498541593552 0.0
3.038644313812256 2.0528178215026855 1.2568607330322266 0.10694798827171326 0.0
3.007868766784668 2.0340425968170166 1.2470749616622925 0.11824598908424377 0.0
2.9659605026245117 2.003145933151245 1.2250018119812012 0.10978797823190689 0.0
2.8964977264404297 1.9443625211715698 1.1756569147109985 0.07618198543787003 0.0
2.870056629180908 1.926547646522522 1.1631996631622314 0.07732800394296646 0.0
2.8317997455596924 1.8983763456344604 1.1421966552734375 0.07956498861312866 0.0
2.6972970962524414 1.8089563846588135 1.0880014896392822 0.07711099088191986 0.0
2.5964181423187256 1.7275234460830688 1.0367482900619507 0.06424199044704437 0.0
2.5416295528411865 1.688029408454895 1.016766905784607 0.06735200434923172 0.0
2.523395299911499 1.678710699081421 1.0080037117004395 0.0667169988155365 0.0
2.4583046436309814 1.6330103874206543 0.9891612529754639 0.07279700040817261 0.0
2.4031412601470947 1.591675877571106 0.9612983465194702 0.06207900121808052 0.0
2.3611505031585693 1.562514066696167 0.9420814514160156 0.062397994101047516 0.0
2.31655216217041 1.529656171798706 0.9177142381668091 0.06225300207734108 0.0
2.264164924621582 1.4911553859710693 0.8927014470100403 0.06240599974989891 0.0
2.2066428661346436 1.4484765529632568 0.8669533133506775 0.06323400139808655 0.0
2.0990958213806152 1.381427526473999 0.8315047025680542 0.06462398916482925 0.0
2.0448498725891113 1.3411622047424316 0.8093142509460449 0.06259999424219131 0.0
1.9940714836120605 1.3032317161560059 0.7873522639274597 0.06031099706888199 0.0
1.9439218044281006 1.266178011894226 0.766167402267456 0.05752499774098396 0.0
1.8874002695083618 1.2250068187713623 0.7458224296569824 0.055511992424726486 0.0
1.8387775421142578 1.1915055513381958 0.7328042387962341 0.05665799602866173 0.0
1.8010311126708984 1.1648839712142944 0.7162361145019531 0.04613899439573288 0.0
1.7726157903671265 1.1461455821990967 0.704205334186554 0.038721002638339996 0.0
1.7287758588790894 1.1167781352996826 0.6909541487693787 0.034005001187324524 0.0
1.6906764507293701 1.0898486375808716 0.6736211776733398 0.02569200098514557 0.0
1.6337847709655762 1.0656101703643799 0.6683732271194458 0.029663000255823135 0.0
1.6167486906051636 1.058379054069519 0.6698522567749023 0.03590000048279762 0.0
1.6060885190963745 1.0567723512649536 0.6754013895988464 0.04417499899864197 0.0
1.6024783849716187 1.0635852813720703 0.6944303512573242 0.06389199942350388 0.0
1.6098520755767822 1.0795674324035645 0.7206510305404663 0.0879879966378212 0.0
1.6284974813461304 1.1063834428787231 0.7595580220222473 0.12263699620962143 0.0
1.6598584651947021 1.1452770233154297 0.8089791536331177 0.1681399941444397 0.0
1.6464992761611938 1.1400245428085327 0.8158149719238281 0.1712459921836853 0.0
1.5853139162063599 1.0860025882720947 0.7715222835540771 0.12229300290346146 0.0
1.546182632446289 1.0544875860214233 0.7509639859199524 0.09769599884748459 0.0
1.5051833391189575 1.0404462814331055 0.7572699785232544 0.1048009991645813 0.0
1.519585132598877 1.062284231185913 0.791053056716919 0.13611899316310883 0.0
1.5660392045974731 1.1158182621002197 0.859041154384613 0.2033659964799881 0.0
1.643542766571045 1.2001198530197144 0.9571537971496582 0.30113402009010315 0.0
1.7168110609054565 1.2803412675857544 1.050605058670044 0.3967770040035248 0.0
1.8617714643478394 1.4312034845352173 1.2124072313308716 0.5597739815711975 0.0
2.1365420818328857 1.71239173412323 1.5037446022033691 0.8560739755630493 0.0
1.7183846235275269 1.2997032403945923 1.0987621545791626 0.4615430235862732 0.0
1.600382924079895 1.186466932296753 0.9945868849754333 0.3686020076274872 0.0
1.346598505973816 0.9362204074859619 0.7512292265892029 0.13484299182891846 0.0
1.272256851196289 0.8816974759101868 0.7066541314125061 0.1044280007481575 0.0
1.1924870014190674 0.8022385239601135 0.6316531300544739 0.03886199742555618 0.0
1.1688438653945923 0.7769221067428589 0.6083638668060303 0.020308999344706535 0.0
1.1540327072143555 0.7593324184417725 0.592432975769043 0.005242999643087387 0.0
1.1602082252502441 0.7626563906669617 0.5981680750846863 0.007805999834090471 0.0
1.0701619386672974 0.6680931448936462 0.5043719410896301 0.011553999967873096 0.0
0.9974909424781799 0.5913601517677307 0.42990514636039734 0.01765899918973446 0.0
0.9366410374641418 0.5267160534858704 0.3673801124095917 0.02675900049507618 0.0
0.8857907652854919 0.47212332487106323 0.31520208716392517 0.040316998958587646 0.0
0.8532443642616272 0.4362920820713043 0.28183501958847046 0.06106799840927124 0.0
0.869849681854248 0.4658410847187042 0.315885066986084 0.09424600005149841 0.0
0.8261462450027466 0.417524129152298 0.2665180563926697 0.04320799931883812 0.0
0.8169678449630737 0.4039362370967865 0.2523120045661926 0.03441900014877319 0.0
0.7813253402709961 0.3640631139278412 0.21258993446826935 3.999999989900971e-06 0.0
0.7763767838478088 0.35588914155960083 0.2064409703016281 7.000000096013537e-06 0.0
0.7703635692596436 0.3461412191390991 0.19882993400096893 1.2000000424450263e-05 0.0
0.7743366360664368 0.3462311327457428 0.20063790678977966 1.8999999156221747e-05 0.0
0.7773379683494568 0.34591910243034363 0.20227396488189697 2.9999999242136255e-05 0.0
0.779873251914978 0.34602001309394836 0.20379896461963654 4.5000000682193786e-05 0.0
0.7799068689346313 0.34537509083747864 0.20336295664310455 4.199999966658652e-05 0.0
0.7614719271659851 0.3445379436016083 0.20412997901439667 1.8000000636675395e-05 0.0
0.752342164516449 0.3381851315498352 0.1944419890642166 0.0 0.0
0.7214940190315247 0.3141489624977112 0.16687197983264923 0.0 0.0
0.6828867197036743 0.2840038537979126 0.13642598688602448 0.0 0.0
0.6538131833076477 0.26391085982322693 0.11816597729921341 0.0 0.0
0.6316772103309631 0.2489527314901352 0.10642899572849274 0.0 0.0
0.6160524487495422 0.23829777538776398 0.0991629809141159 0.0 0.0
0.601493239402771 0.22803273797035217 0.09366995841264725 0.0 0.0
0.5919944643974304 0.22096285223960876 0.08940096944570541 0.0 0.0
0.5785191655158997 0.21194685995578766 0.08496198803186417 0.0 0.0
0.5494621396064758 0.20113888382911682 0.0812019631266594 9.999999974752427e-07 0.0
0.5351561307907104 0.19191886484622955 0.07735400646924973 9.999999974752427e-07 0.0
0.5152021050453186 0.18023085594177246 0.07271398603916168 9.999999974752427e-07 0.0
0.4921158254146576 0.1671808958053589 0.06821098923683167 9.999999974752427e-07 0.0
0.4698818027973175 0.1551729440689087 0.06421098858118057 9.999999974752427e-07 0.0
0.4520358741283417 0.14548391103744507 0.06090596318244934 0.0 0.0
0.43663862347602844 0.13657696545124054 0.057726990431547165 0.0 0.0
0.4257597029209137 0.13012900948524475 0.055375974625349045 0.0 0.0
0.41955071687698364 0.12514594197273254 0.05274897813796997 0.0 0.0
0.4039485454559326 0.11080294847488403 0.04121197760105133 0.0 0.0
0.38199034333229065 0.10184289515018463 0.036368004977703094 0.0 0.0
0.37800127267837524 0.09799694269895554 0.03486800193786621 0.0 0.0
0.3756832480430603 0.09535294771194458 0.03386399894952774 0.0 0.0
0.37380021810531616 0.09311193972826004 0.03309299424290657 0.0 0.0
0.3737042546272278 0.09202699363231659 0.03283099830150604 0.0 0.0
0.37343424558639526 0.09084992855787277 0.0325700044631958 0.0 0.0
0.3731793165206909 0.08966796845197678 0.03218799829483032 0.0 0.0
0.3748790919780731 0.08993993699550629 0.03246299922466278 0.0 0.0
0.37637045979499817 0.08975794166326523 0.0323299914598465 0.0 0.0
0.3789505064487457 0.09053593128919601 0.033097997307777405 0.0 0.0
0.36743929982185364 0.08994998037815094 0.03404899686574936 0.0 0.0
0.3652753233909607 0.08880097419023514 0.03356799855828285 0.0 0.0
0.3634284436702728 0.08821897953748703 0.03367199748754501 0.0 0.0
0.36054128408432007 0.0871349573135376 0.033379994332790375 0.0 0.0
0.35709843039512634 0.08585596084594727 0.03296799585223198 0.0 0.0
0.35336992144584656 0.084510937333107 0.03260499984025955 0.0 0.0
0.34960106015205383 0.08300493657588959 0.03207598999142647 0.0 0.0
0.34673377871513367 0.08200697600841522 0.03196999430656433 0.0 0.0
0.3443599343299866 0.08117897063493729 0.03199399635195732 0.0 0.0
0.3423261046409607 0.08053397387266159 0.032110996544361115 0.0 0.0
0.3304060101509094 0.07918193936347961 0.03257400169968605 0.0 0.0
0.32863596081733704 0.07839392870664597 0.032252006232738495 0.0 0.0
0.32722505927085876 0.07805991917848587 0.03235900029540062 0.0 0.0
0.3257201910018921 0.07784095406532288 0.03257899731397629 0.0 0.0
0.3248773217201233 0.07792095094919205 0.032940998673439026 0.0 0.0
0.32390034198760986 0.07795596867799759 0.033247001469135284 0.0 0.0
0.3226602077484131 0.07789496332406998 0.03348299860954285 0.0 0.0
0.32151323556900024 0.07786796241998672 0.03373400494456291 0.0 0.0
0.320417195558548 0.0779319554567337 0.034050002694129944 0.0 0.0
0.3195710778236389 0.07804594933986664 0.0343719944357872 0.0 0.0
0.3091510534286499 0.07711395621299744 0.03503599390387535 0.0 0.0
0.3081190884113312 0.07715493440628052 0.03536999225616455 0.0 0.0
0.3074798882007599 0.07723496109247208 0.035698000341653824 0.0 0.0
0.30670323967933655 0.07712196558713913 0.03586599603295326 0.0 0.0
0.3058120608329773 0.07681993395090103 0.03586199879646301 0.0 0.0
0.30534008145332336 0.07656696438789368 0.035867996513843536 0.0 0.0
0.3050380051136017 0.0763639509677887 0.03594299778342247 0.0 0.0
0.3051021099090576 0.07631196826696396 0.03614199906587601 0.0 0.0
0.3051280379295349 0.07629594951868057 0.036389995366334915 0.0 0.0
0.3037590980529785 0.07579495757818222 0.03636299446225166 0.0 0.0
0.2929680049419403 0.07381295412778854 0.03631799668073654 0.0 0.0
0.29046016931533813 0.0730389654636383 0.03615900129079819 0.0 0.0
0.2867419719696045 0.07182896882295609 0.03569500148296356 0.0 0.0
0.2823900282382965 0.07043496519327164 0.03510800004005432 0.0 0.0
0.2773539125919342 0.06878995895385742 0.034363001585006714 0.0 0.0
0.2719479501247406 0.06698797643184662 0.03347400203347206 0.0 0.0
0.26620081067085266 0.06496497988700867 0.03243499621748924 0.0 0.0
0.260221928358078 0.06269896030426025 0.031224004924297333 0.0 0.0
0.25440388917922974 0.06040297448635101 0.03005100041627884 0.0 0.0
0.24876883625984192 0.058106958866119385 0.028937000781297684 0.0 0.0
0.23576287925243378 0.054548975080251694 0.02771400287747383 0.0 0.0
0.23121999204158783 0.05291798338294029 0.027166001498699188 0.0 0.0
0.22767101228237152 0.05207597836852074 0.02713799849152565 0.0 0.0
0.22470998764038086 0.05177498981356621 0.027424994856119156 0.0 0.0
0.22223398089408875 0.05197196826338768 0.02800300158560276 0.0 0.0
0.21982793509960175 0.05220798775553703 0.02858399972319603 0.0 0.0
0.21732591092586517 0.05257997661828995 0.029224999248981476 0.0 0.0
0.21482688188552856 0.0529949776828289 0.029905999079346657 0.0 0.0
0.21239085495471954 0.05349397286772728 0.03067299909889698 0.0 0.0
0.2095588892698288 0.05381997674703598 0.031341999769210815 0.0 0.0
0.19969382882118225 0.05218397080898285 0.031199999153614044 0.0 0.0
0.19641880691051483 0.05189897492527962 0.03148399665951729 0.0 0.0
0.19327884912490845 0.0513879656791687 0.03158699721097946 0.0 0.0
0.19067780673503876 0.050877977162599564 0.03161199763417244 0.0 0.0
0.18855787813663483 0.05040996894240379 0.03159799799323082 0.0 0.0
0.18639183044433594 0.049873966723680496 0.03150999918580055 0.0 0.0
0.1841278225183487 0.049224983900785446 0.031314998865127563 0.0 0.0
0.18180884420871735 0.04850796237587929 0.031028002500534058 0.0 0.0
0.17980079352855682 0.047905970364809036 0.030800005421042442 0.0 0.0
0.17778486013412476 0.047272976487874985 0.03051699884235859 0.0 0.0
0.1693158745765686 0.04467298462986946 0.029117001220583916 0.0 0.0
0.16720789670944214 0.0439319834113121 0.028721999377012253 0.0 0.0
0.16496188938617706 0.04307197779417038 0.028202002868056297 0.0 0.0
0.16231092810630798 0.041847970336675644 0.027333000674843788 0.0 0.0
0.1596478968858719 0.04063597694039345 0.02649100311100483 0.0 0.0
0.15718989074230194 0.03955599293112755 0.025746000930666924 0.0 0.0
0.1541348546743393 0.038078006356954575 0.02468700148165226 0.0 0.0
0.15091082453727722 0.03656400740146637 0.02366200089454651 0.0 0.0
0.14870785176753998 0.03553100302815437 0.022948002442717552 0.0 0.0
0.14672186970710754 0.034480005502700806 0.02215300127863884 0.0 0.0
0.1390598863363266 0.031808000057935715 0.020355001091957092 0.0 0.0
0.1382209062576294 0.03128700330853462 0.019954001531004906 0.0 0.0
0.137832909822464 0.030943000689148903 0.019676001742482185 0.0 0.0
0.13816086947917938 0.030919000506401062 0.019634999334812164 0.0 0.0
0.13864582777023315 0.030922003090381622 0.019600000232458115 0.0 0.0
0.13941481709480286 0.031011996790766716 0.01960599794983864 0.0 0.0
0.1407698541879654 0.03138500079512596 0.01984499953687191 0.0 0.0
0.14253990352153778 0.03184499964118004 0.020084001123905182 0.0 0.0
0.14508786797523499 0.032621998339891434 0.02051200158894062 0.0 0.0
0.14791086316108704 0.033510997891426086 0.021007001399993896 0.0 0.0
0.14415393769741058 0.03232699632644653 0.020103998482227325 0.0 0.0
0.146980881690979 0.03312799707055092 0.020429998636245728 0.0 0.0
0.15017791092395782 0.03410999849438667 0.020862001925706863 0.0 0.0
0.15347589552402496 0.035036999732255936 0.021213999018073082 0.0 0.0
0.15642088651657104 0.035868000239133835 0.021476998925209045 0.0 0.0
0.1603918820619583 0.03709299489855766 0.02197600156068802 0.0 0.0
0.16475991904735565 0.03847098350524902 0.022537002339959145 0.0 0.0
0.16927579045295715 0.03993598371744156 0.023065000772476196 0.0 0.0
0.1740468293428421 0.04151798039674759 0.023632002994418144 0.0 0.0
0.1790219247341156 0.043091971427202225 0.024232003837823868 0.0 0.0
0.1756867617368698 0.04211996868252754 0.023239003494381905 0.0 0.0
0.1808198094367981 0.04384797811508179 0.023812001571059227 0.0 0.0
0.18624985218048096 0.04574097692966461 0.024498002603650093 0.0 0.0
0.19209089875221252 0.04780798405408859 0.02521900087594986 0.0 0.0
0.19808784127235413 0.04997498542070389 0.025936001911759377 0.0 0.0
0.20416182279586792 0.05221497640013695 0.026693003252148628 0.0 0.0
0.21013084053993225 0.05417997017502785 0.027431001886725426 0.0 0.0
0.21634088456630707 0.05633797496557236 0.02815600112080574 0.0 0.0
0.22259192168712616 0.05865699425339699 0.02883000299334526 0.0 0.0
0.22875583171844482 0.06091098487377167 0.029461000114679337 0.0 0.0
0.22343288362026215 0.05932499095797539 0.028067005798220634 0.0 0.0
0.22840192914009094 0.06108298897743225 0.028379004448652267 0.0 0.0
0.23356491327285767 0.06315798312425613 0.02873300015926361 0.0 0.0
0.23843087255954742 0.06514500081539154 0.02894200198352337 0.0 0.0
0.24233482778072357 0.06656398624181747 0.02891400083899498 0.0 0.0
0.24598796665668488 0.06816699355840683 0.02886800281703472 0.0 0.0
0.24810092151165009 0.06860099732875824 0.028574001044034958 0.0 0.0
0.25098592042922974 0.06986097991466522 0.02827400155365467 0.0 0.0
0.2529858648777008 0.07074397057294846 0.02782600373029709 0.0 0.0
0.25410497188568115 0.07116895914077759 0.027317000553011894 0.0 0.0
0.2426718920469284 0.0673619881272316 0.024823002517223358 0.0 0.0
0.24265091121196747 0.0672929659485817 0.024076003581285477 0.0 0.0
0.24229292571544647 0.0672919824719429 0.02334900014102459 0.0 0.0
0.24166087806224823 0.06710097193717957 0.022701002657413483 0.0 0.0
0.2408648580312729 0.06692998856306076 0.021981000900268555 0.0 0.0
0.23961588740348816 0.06643998622894287 0.021237000823020935 0.0 0.0
0.23801082372665405 0.06593997776508331 0.020509999245405197 0.0 0.0
0.23600086569786072 0.06527097523212433 0.019691001623868942 0.0 0.0
0.23339784145355225 0.06429196894168854 0.018877003341913223 0.0 0.0
0.22985492646694183 0.06293497234582901 0.017928002402186394 0.0 0.0
0.2142728716135025 0.05738299340009689 0.015450001694262028 0.0 0.0
0.20979689061641693 0.05570698529481888 0.014473998919129372 0.0 0.0
0.20476193726062775 0.053711965680122375 0.013427999801933765 0.0 0.0
0.1996648907661438 0.051839977502822876 0.012484000064432621 0.0 0.0
0.19457288086414337 0.04995099827647209 0.011579001322388649 0.0 0.0
0.18970796465873718 0.04812399297952652 0.010674000717699528 0.0 0.0
0.18506194651126862 0.04632599651813507 0.009916001930832863 0.0 0.0
0.1810319870710373 0.044836997985839844 0.009294002316892147 0.0 0.0
0.17716990411281586 0.043292999267578125 0.008616000413894653 0.0 0.0
0.17371393740177155 0.041961997747421265 0.00812700018286705 0.0 0.0
0.16171592473983765 0.03790399804711342 0.006845999043434858 0.0 0.0
0.15762589871883392 0.0363369956612587 0.006356998812407255 0.0 0.0
0.15328693389892578 0.03471900150179863 0.005869998596608639 0.0 0.0
0.14794990420341492 0.03278699517250061 0.005304999183863401 0.0 0.0
0.14211396872997284 0.03075299970805645 0.00473199924454093 0.0 0.0
0.13619694113731384 0.02872900851070881 0.004197998903691769 0.0 0.0
0.13175293803215027 0.02712400257587433 0.003810000140219927 0.0 0.0
0.13146288692951202 0.02662700042128563 0.0037460001185536385 0.0 0.0
0.13426294922828674 0.02695600688457489 0.003902000142261386 0.0 0.0
0.14203493297100067 0.02861800417304039 0.004503998905420303 0.0 0.0
0.14259491860866547 0.02836400642991066 0.004682999104261398 0.0 0.0
0.14834199845790863 0.02932000160217285 0.00512899924069643 0.0 0.0
0.15019096434116364 0.029368001967668533 0.005178999621421099 0.0 0.0
0.15084394812583923 0.02900199592113495 0.005019999574869871 0.0 0.0
0.15169893205165863 0.028626997023820877 0.004765999503433704 0.0 0.0
0.1523149609565735 0.028380999341607094 0.004544999450445175 0.0 0.0
0.15244294703006744 0.027888000011444092 0.004177999682724476 0.0 0.0
0.1537608802318573 0.0279689934104681 0.00396199943497777 0.0 0.0
0.1556549370288849 0.02809099853038788 0.003756000194698572 0.0 0.0
0.15841394662857056 0.028558000922203064 0.0037350000347942114 0.0 0.0
0.15526293218135834 0.027385996654629707 0.003317000111564994 0.0 0.0
0.15939095616340637 0.028192004188895226 0.003194000106304884 0.0 0.0
0.16366396844387054 0.028926003724336624 0.003116000210866332 0.0 0.0
0.16821996867656708 0.029857004061341286 0.003055000212043524 0.0 0.0
0.1729349046945572 0.03085700236260891 0.002961000194773078 0.0 0.0
0.17765596508979797 0.03177100047469139 0.0027920000720769167 0.0 0.0
0.18274995684623718 0.03289700299501419 0.002718999981880188 0.0 0.0
0.18777590990066528 0.033955998718738556 0.0023070001043379307 0.0 0.0
0.19300991296768188 0.03514299541711807 0.001970000099390745 0.0 0.0
0.1988639384508133 0.0369039922952652 0.0019370000809431076 0.0 0.0
0.19614392518997192 0.03637799620628357 0.0017500000540167093 0.0 0.0
0.2014019936323166 0.0377889946103096 0.0015350000467151403 0.0 0.0
0.20679594576358795 0.0391869992017746 0.0013050000416114926 0.0 0.0
0.21221795678138733 0.04056999459862709 0.0010940000647678971 0.0 0.0
0.21832194924354553 0.042541999369859695 0.0012150000547990203 0.0 0.0
0.2244919389486313 0.04462200030684471 0.0013020000187680125 0.0 0.0
0.23043093085289001 0.046431995928287506 0.001044000033289194 0.0 0.0
0.23667091131210327 0.048336002975702286 0.0009469999931752682 0.0 0.0
0.24324893951416016 0.050551000982522964 0.0010500000789761543 0.0 0.0
0.25019901990890503 0.052981000393629074 0.0011470001190900803 0.0 0.0
0.24710796773433685 0.05229400098323822 0.0011690000537782907 0.0 0.0
0.2533789873123169 0.05445200204849243 0.0010790000669658184 0.0 0.0
0.2598530650138855 0.056755997240543365 0.0010130000300705433 0.0 0.0
0.2666730284690857 0.05917700380086899 0.0009250000002793968 0.0 0.0
0.2737729847431183 0.06178799644112587 0.0009150000405497849 0.0 0.0
0.2815670371055603 0.06481300294399261 0.0010349999647587538 0.0 0.0
0.2894260585308075 0.0680449977517128 0.0011850000591948628 0.0 0.0
0.29798805713653564 0.0717800036072731 0.0014639999717473984 0.0 0.0
0.3065301775932312 0.07554298639297485 0.0014319999609142542 0.0 0.0
0.31509506702423096 0.07943500578403473 0.0010689999908208847 0.0 0.0
0.310756117105484 0.07882799208164215 0.0009309999877586961 0.0 0.0
0.3178241550922394 0.0830320194363594 0.0009110000100918114 0.0 0.0
0.32611197233200073 0.08770399540662766 0.0009660000214353204 0.0 0.0
0.33549410104751587 0.09259399771690369 0.0008110000053420663 0.0 0.0
0.3459571599960327 0.09786099940538406 0.000514000013936311 0.0 0.0
0.3588191270828247 0.10422399640083313 0.0006170000415295362 0.0 0.0
0.3734382092952728 0.11121999472379684 0.0008229999803006649 0.0 0.0
0.3890431821346283 0.11855699121952057 0.0009929999941959977 0.0 0.0
0.4055231511592865 0.12642398476600647 0.0013119999784976244 0.0 0.0
0.4223673343658447 0.13433599472045898 0.001230000052601099 0.0 0.0
0.4186023473739624 0.13304200768470764 0.0006269999430514872 0.0 0.0
0.4348641335964203 0.14084798097610474 0.0006820000126026571 0.0 0.0
0.45022517442703247 0.14872799813747406 0.000910000002477318 0.0 0.0
0.4648791551589966 0.15630699694156647 0.000981000019237399 0.0 0.0
0.4778032898902893 0.16358400881290436 0.001184999942779541 0.0 0.0
0.48993411660194397 0.17076200246810913 0.0013359999284148216 0.0 0.0
0.500426173210144 0.17756900191307068 0.001475999946705997 0.0 0.0
0.5093040466308594 0.18378299474716187 0.00139999995008111 0.0 0.0
0.5182331204414368 0.19009000062942505 0.0012550000101327896 0.0 0.0
0.526999294757843 0.19636300206184387 0.0009899999713525176 0.0 0.0
0.5129311680793762 0.19099600613117218 0.0009619999909773469 0.0 0.0
0.5234730839729309 0.19830600917339325 0.0011950000189244747 0.0 0.0
0.5354502201080322 0.20640401542186737 0.0014560000272467732 0.0 0.0
0.5490421652793884 0.2153100073337555 0.0017470000311732292 0.0 0.0
0.5632041096687317 0.22467797994613647 0.002059000078588724 0.0 0.0
0.5775512456893921 0.23399800062179565 0.0020230000372976065 0.0 0.0
0.5916792154312134 0.24320998787879944 0.001563000027090311 0.0 0.0
0.6061450839042664 0.25273001194000244 0.0010539998766034842 0.0 0.0
0.6208711862564087 0.26288190484046936 0.001246000058017671 0.0 0.0
0.6348071694374084 0.2727680206298828 0.0014489999739453197 0.0 0.0
0.6191840767860413 0.2661399841308594 0.001269000000320375 0.0 0.0
0.6307671070098877 0.27484503388404846 0.0014300000621005893 0.0 0.0
0.6418043971061707 0.28334900736808777 0.001585999969393015 0.0 0.0
0.6522873640060425 0.2918570041656494 0.0017349999397993088 0.0 0.0
0.6635354161262512 0.30082303285598755 0.0017950000474229455 0.0 0.0
0.6744692325592041 0.3097660541534424 0.0017709999810904264 0.0 0.0
0.6841212511062622 0.31834501028060913 0.001693999976851046 0.0 0.0
0.6928092241287231 0.3264930248260498 0.001406000112183392 0.0 0.0
0.7009822130203247 0.334289014339447 0.0011309999972581863 0.0 0.0
0.7089931964874268 0.3419540524482727 0.0007419999456033111 0.0 0.0
0.6890939474105835 0.3328620195388794 0.0004970000009052455 0.0 0.0
0.69510817527771 0.33893296122550964 0.00033900002017617226 0.0 0.0
0.7011002898216248 0.3447280526161194 0.0003690000157803297 0.0 0.0
0.7072562575340271 0.349850058555603 0.00040199997602030635 0.0 0.0
0.7137985825538635 0.35437697172164917 0.0004400000034365803 0.0 0.0
0.7209855318069458 0.3579390347003937 0.00048699998296797276 0.0 0.0
0.7262575030326843 0.3601350486278534 0.0005339999916031957 0.0 0.0
0.7287584543228149 0.36044999957084656 0.0005799999926239252 0.0 0.0
0.727451741695404 0.3587689995765686 0.0006240000366233289 0.0 0.0
0.7231685519218445 0.3555089831352234 0.0006580000044777989 0.0 0.0
0.6928184032440186 0.3373830020427704 0.000577000027988106 0.0 0.0
0.6820731163024902 0.33156704902648926 0.0005970000056549907 0.0 0.0
0.665921151638031 0.3236960470676422 0.000598000013269484 0.0 0.0
0.6472638845443726 0.3148250877857208 0.0005880000535398722 0.0 0.0
0.6258062124252319 0.3048330545425415 0.0005570000503212214 0.0 0.0
0.603227972984314 0.29431501030921936 0.0005080000264570117 0.0 0.0
0.5791102647781372 0.2830730378627777 0.00043600003118626773 0.0 0.0
0.5549132227897644 0.2716180384159088 0.00034600001526996493 0.0 0.0
0.5309960246086121 0.2600540518760681 0.0002690000110305846 0.0 0.0
0.5072951316833496 0.24835997819900513 0.00021899999410379678 0.0 0.0
0.47264420986175537 0.22966697812080383 0.00018300001102034003 0.0 0.0
0.450466126203537 0.21835099160671234 0.0001539999939268455 0.0 0.0
0.4287140667438507 0.2069079726934433 0.0001449999981559813 0.0 0.0
0.40763601660728455 0.19557400047779083 0.00013600000238511711 0.0 0.0
0.38734814524650574 0.1844560205936432 0.00013299999409355223 0.0 0.0
0.36786702275276184 0.17363600432872772 0.00012599998444784433 0.0 0.0
0.3490141034126282 0.1630209982395172 0.00011999999696854502 0.0 0.0
0.33116304874420166 0.15293097496032715 0.0001089999932446517 0.0 0.0
0.3146720826625824 0.1435079723596573 9.700000373413786e-05 0.0 0.0
0.29944702982902527 0.13498398661613464 8.800000068731606e-05 0.0 0.0
0.2805400490760803 0.1243860125541687 7.200000254670158e-05 0.0 0.0
0.2672480344772339 0.11720698326826096 6.900000153109431e-05 0.0 0.0
0.2551439702510834 0.11086399108171463 6.600000051548705e-05 0.0 0.0
0.2438429296016693 0.10503098368644714 6.399999983841553e-05 0.0 0.0
0.2331358939409256 0.09968499094247818 6.0999998822808266e-05 0.0 0.0
0.2229398787021637 0.0947049930691719 5.900000178371556e-05 0.0 0.0
0.21314190328121185 0.08983298391103745 5.6000000768108293e-05 0.0 0.0
0.20390993356704712 0.08526699244976044 5.2999999752501026e-05 0.0 0.0
0.19546988606452942 0.08126199245452881 5.0999999075429514e-05 0.0 0.0
0.18763090670108795 0.07772399485111237 4.999999873689376e-05 0.0 0.0
0.17878392338752747 0.07354599982500076 4.5000000682193786e-05 0.0 0.0
0.172002911567688 0.07050299644470215 4.199999966658652e-05 0.0 0.0
0.16591690480709076 0.06785700470209122 4.099999932805076e-05 0.0 0.0
0.1601979285478592 0.06536798924207687 3.9999998989515007e-05 0.0 0.0
0.1546209454536438 0.06289499253034592 3.699999797390774e-05 0.0 0.0
0.14975294470787048 0.060909997671842575 3.400000059627928e-05 0.0 0.0
0.1450449526309967 0.05872699245810509 3.099999958067201e-05 0.0 0.0
0.14095693826675415 0.0569939985871315 2.8000000384054147e-05 0.0 0.0
0.1372179538011551 0.05547900125384331 2.5000001187436283e-05 0.0 0.0
0.13358895480632782 0.05397999659180641 2.099999983329326e-05 0.0 0.0
0.13010995090007782 0.052647996693849564 1.5999999959603883e-05 0.0 0.0
0.12721994519233704 0.051656004041433334 1.2000000424450263e-05 0.0 0.0
0.12461397051811218 0.05086199939250946 7.999999979801942e-06 0.0 0.0
0.12219499051570892 0.05014600232243538 6.000000212225132e-06 0.0 0.0
0.11982298642396927 0.04940199851989746 6.000000212225132e-06 0.0 0.0
0.11720394343137741 0.048423007130622864 6.000000212225132e-06 0.0 0.0
0.11515496671199799 0.04781900346279144 3.999999989900971e-06 0.0 0.0
0.11303798854351044 0.047113001346588135 3.999999989900971e-06 0.0 0.0
0.1111389771103859 0.04655100032687187 3.999999989900971e-06 0.0 0.0
0.10931996256113052 0.045952003449201584 1.9999999949504854e-06 0.0 0.0
0.107574962079525 0.04538499936461449 1.9999999949504854e-06 0.0 0.0
0.10584395378828049 0.04481999948620796 1.9999999949504854e-06 0.0 0.0
0.10424095392227173 0.0442579984664917 9.999999974752427e-07 0.0 0.0
0.10293396562337875 0.04374400153756142 0.0 0.0 0.0
0.10180096328258514 0.0433879978954792 0.0 0.0 0.0
0.10069096088409424 0.043060000985860825 0.0 0.0 0.0
0.09942895919084549 0.042563002556562424 0.0 0.0 0.0
0.0980069637298584 0.04186299815773964 0.0 0.0 0.0
0.09656695276498795 0.04115999862551689 0.0 0.0 0.0
0.09436997026205063 0.039726000279188156 0.0 0.0 0.0
0.09196996688842773 0.03819200396537781 0.0 0.0 0.0
0.0888749435544014 0.03595300018787384 0.0 0.0 0.0
0.08617298305034637 0.03412599489092827 0.0 0.0 0.0
0.08363398164510727 0.03249200060963631 0.0 0.0 0.0
0.08114597946405411 0.03111099824309349 0.0 0.0 0.0
0.07885497063398361 0.029975000768899918 0.0 0.0 0.0
0.07705096155405045 0.029302000999450684 0.0 0.0 0.0
0.07493596524000168 0.02832000143826008 0.0 0.0 0.0
0.07258797436952591 0.02714500203728676 0.0 0.0 0.0
0.07065997272729874 0.026330001652240753 0.0 0.0 0.0
0.0685509666800499 0.025327999144792557 0.0 0.0 0.0
0.06624796241521835 0.024111000820994377 0.0 0.0 0.0
0.06404297798871994 0.022942999377846718 0.0 0.0 0.0
0.06194797530770302 0.02181200124323368 0.0 0.0 0.0
0.059780966490507126 0.02054300159215927 0.0 0.0 0.0
0.057857975363731384 0.01946599967777729 0.0 0.0 0.0
0.05651798099279404 0.018915999680757523 0.0 0.0 0.0
0.05522298440337181 0.018321001902222633 0.0 0.0 0.0
0.05418897792696953 0.017926998436450958 0.0 0.0 0.0
0.05337698385119438 0.01773100160062313 0.0 0.0 0.0
0.052496980875730515 0.01742600090801716 0.0 0.0 0.0
0.05172797292470932 0.01724099926650524 0.0 0.0 0.0
0.05096197873353958 0.017070000991225243 0.0 0.0 0.0
0.05021997541189194 0.016898000612854958 0.0 0.0 0.0
0.04939497262239456 0.016667000949382782 0.0 0.0 0.0
0.04846397787332535 0.016416998580098152 0.0 0.0 0.0
0.04760497808456421 0.016176998615264893 0.0 0.0 0.0
0.04686197638511658 0.016006996855139732 0.0 0.0 0.0
0.04606396332383156 0.015796998515725136 0.0 0.0 0.0
0.04513497278094292 0.015483999624848366 0.0 0.0 0.0
0.04429898411035538 0.01523200049996376 0.0 0.0 0.0
0.04349797964096069 0.01498199999332428 0.0 0.0 0.0
0.042707983404397964 0.014759998768568039 0.0 0.0 0.0
0.04194200038909912 0.014545999467372894 0.0 0.0 0.0
0.04120199382305145 0.014280000701546669 0.0 0.0 0.0
0.04059199243783951 0.014082999899983406 0.0 0.0 0.0
0.03999099135398865 0.01384199969470501 0.0 0.0 0.0
0.03929100185632706 0.013473998755216599 0.0 0.0 0.0
0.03863599896430969 0.013191000558435917 0.0 0.0 0.0
0.03760100528597832 0.01249299943447113 0.0 0.0 0.0
0.036864008754491806 0.012038000859320164 0.0 0.0 0.0
0.03606000915169716 0.011524000205099583 0.0 0.0 0.0
0.035134006291627884 0.010926999151706696 0.0 0.0 0.0
0.03395500406622887 0.010030999779701233 0.0 0.0 0.0
0.03326500207185745 0.009587000124156475 0.0 0.0 0.0
0.032440006732940674 0.008985999040305614 0.0 0.0 0.0
0.031940001994371414 0.008695999160408974 0.0 0.0 0.0
0.031230004504323006 0.008119000121951103 0.0 0.0 0.0
0.030466007068753242 0.007433000020682812 0.0 0.0 0.0
0.02981600910425186 0.006830999627709389 0.0 0.0 0.0
0.029311008751392365 0.006383999716490507 0.0 0.0 0.0
0.029171006754040718 0.006319999694824219 0.0 0.0 0.0
0.02920101396739483 0.006378999911248684 0.0 0.0 0.0
0.02929501049220562 0.006448000203818083 0.0 0.0 0.0
0.029495006427168846 0.006629999727010727 0.0 0.0 0.0
0.0297160055488348 0.006826999597251415 0.0 0.0 0.0
0.029972003772854805 0.007058999966830015 0.0 0.0 0.0
0.030091004446148872 0.007241999730467796 0.0 0.0 0.0
0.030017009004950523 0.007308999076485634 0.0 0.0 0.0
0.02944900467991829 0.007174999453127384 0.0 0.0 0.0
0.028529003262519836 0.006799999624490738 0.0 0.0 0.0
0.02798900008201599 0.006610999349504709 0.0 0.0 0.0
0.02821199782192707 0.006734000518918037 0.0 0.0 0.0
0.029308002442121506 0.0073920004069805145 0.0 0.0 0.0
0.03044699877500534 0.008080000057816505 0.0 0.0 0.0
0.031481001526117325 0.008829000405967236 0.0 0.0 0.0
0.032260000705718994 0.009434999898076057 0.0 0.0 0.0
0.033000003546476364 0.009980999864637852 0.0 0.0 0.0
0.03394300490617752 0.010689999908208847 0.0 0.0 0.0
0.03447800129652023 0.01115300040692091 0.0 0.0 0.0
0.03405800089240074 0.01093399990350008 0.0 0.0 0.0
0.03295900300145149 0.010041000321507454 0.0 0.0 0.0
0.03196999803185463 0.009100999683141708 0.0 0.0 0.0
0.031615000218153 0.008666000328958035 0.0 0.0 0.0
0.03156000375747681 0.008508000522851944 0.0 0.0 0.0
0.031456999480724335 0.008270999416708946 0.0 0.0 0.0
0.03063499927520752 0.0073640001937747 0.0 0.0 0.0
0.03028699941933155 0.006926000118255615 0.0 0.0 0.0
0.029735000804066658 0.00634300010278821 0.0 0.0 0.0
0.029865004122257233 0.006451999768614769 0.0 0.0 0.0
0.030021999031305313 0.0066189998760819435 0.0 0.0 0.0
0.030021000653505325 0.006722000427544117 0.0 0.0 0.0
0.030010001733899117 0.006787000223994255 0.0 0.0 0.0
0.03002200461924076 0.0068419999442994595 0.0 0.0 0.0
0.030327003449201584 0.006994999945163727 0.0 0.0 0.0
0.0310170017182827 0.0074720000848174095 0.0 0.0 0.0
0.03180199861526489 0.007873998954892159 0.0 0.0 0.0
0.03287099674344063 0.008483000099658966 0.0 0.0 0.0
0.03367699682712555 0.008892999961972237 0.0 0.0 0.0
0.03467799723148346 0.009522000327706337 0.0 0.0 0.0
0.03535199910402298 0.010060999542474747 0.0 0.0 0.0
0.0358709990978241 0.010564000345766544 0.0 0.0 0.0
0.03630499541759491 0.011076999828219414 0.0 0.0 0.0
0.03665299713611603 0.011611999943852425 0.0 0.0 0.0
0.037223994731903076 0.012232000008225441 0.0 0.0 0.0
0.03762699291110039 0.012879999354481697 0.0 0.0 0.0
0.037937991321086884 0.013455000706017017 0.0 0.0 0.0
0.038624998182058334 0.01436999998986721 0.0 0.0 0.0
0.03906899318099022 0.015091999433934689 0.0 0.0 0.0
0.03979099169373512 0.01609800010919571 0.0 0.0 0.0
0.04055899381637573 0.017183000221848488 0.0 0.0 0.0
0.04131698980927467 0.018335001543164253 0.0 0.0 0.0
0.04188399389386177 0.019305000081658363 0.0 0.0 0.0
0.042028993368148804 0.019864998757839203 0.0 0.0 0.0
0.04240099713206291 0.020662998780608177 0.0 0.0 0.0
0.04192199930548668 0.020693998783826828 0.0 0.0 0.0
0.0414079986512661 0.020667999982833862 0.0 0.0 0.0
0.03889899328351021 0.01867000013589859 0.0 0.0 0.0
0.038107987493276596 0.018424998968839645 0.0 0.0 0.0
0.03642799332737923 0.017301000654697418 0.0 0.0 0.0
0.033702999353408813 0.015174999833106995 0.0 0.0 0.0
0.03026600554585457 0.012352999299764633 0.0 0.0 0.0
0.02842400036752224 0.011043000034987926 0.0 0.0 0.0
0.028186997398734093 0.011336999014019966 0.0 0.0 0.0
0.028191998600959778 0.011645999737083912 0.0 0.0 0.0
0.026843000203371048 0.010586000047624111 0.0 0.0 0.0
0.02353999949991703 0.007388000376522541 0.0 0.0 0.0
0.02334200032055378 0.00723899994045496 0.0 0.0 0.0
0.023019999265670776 0.007003000006079674 0.0 0.0 0.0
0.022979000583291054 0.007044000085443258 0.0 0.0 0.0
0.022370997816324234 0.006686999462544918 0.0 0.0 0.0
0.021994002163410187 0.0066179996356368065 0.0 0.0 0.0
0.021515998989343643 0.006519999820739031 0.0 0.0 0.0
0.020893000066280365 0.006307999603450298 0.0 0.0 0.0
0.02010500058531761 0.005805000197142363 0.0 0.0 0.0
0.019759999588131905 0.005892000161111355 0.0 0.0 0.0
0.019523000344634056 0.006083999760448933 0.0 0.0 0.0
0.01925400272011757 0.006283000111579895 0.0 0.0 0.0
0.018807001411914825 0.006263999734073877 0.0 0.0 0.0
0.018278002738952637 0.006198999937623739 0.0 0.0 0.0
0.01771100051701069 0.006163999903947115 0.0 0.0 0.0
0.017064999788999557 0.0061079999431967735 0.0 0.0 0.0
0.016240999102592468 0.005923000164330006 0.0 0.0 0.0
0.01522199809551239 0.005627000238746405 0.0 0.0 0.0
0.014103997498750687 0.005197000224143267 0.0 0.0 0.0
0.012686998583376408 0.004649999551475048 0.0 0.0 0.0
0.011223998852074146 0.004002999980002642 0.0 0.0 0.0
0.010018001310527325 0.003456000005826354 0.0 0.0 0.0
0.009047000668942928 0.002993999980390072 0.0 0.0 0.0
0.008284000679850578 0.002625000197440386 0.0 0.0 0.0
0.00764999957755208 0.0023240000009536743 0.0 0.0 0.0
0.007169999647885561 0.0021069999784231186 0.0 0.0 0.0
0.006782999262213707 0.0019399999873712659 0.0 0.0 0.0
0.006470999214798212 0.0018189999973401427 0.0 0.0 0.0
0.006209999322891235 0.0017239999724552035 0.0 0.0 0.0
0.005989000201225281 0.0016529998974874616 0.0 0.0 0.0
0.005794999655336142 0.0015920000150799751 0.0 0.0 0.0
0.005617999937385321 0.0015429999912157655 0.0 0.0 0.0
0.005413000006228685 0.001471000025048852 0.0 0.0 0.0
0.00520200002938509 0.0013840000610798597 0.0 0.0 0.0
0.00496299983933568 0.0012580000329762697 0.0 0.0 0.0
0.004816999658942223 0.0012240000069141388 0.0 0.0 0.0
0.004636999685317278 0.001155999954789877 0.0 0.0 0.0
0.004487999714910984 0.001117000007070601 0.0 0.0 0.0
0.004230000078678131 0.0009750000317580998 0.0 0.0 0.0
0.004051999654620886 0.0009079999872483313 0.0 0.0 0.0
0.0038370005786418915 0.0008099999977275729 0.0 0.0 0.0
0.0036650002002716064 0.0007479999912902713 0.0 0.0 0.0
0.003521000500768423 0.0007090000435709953 0.0 0.0 0.0
0.0033100005239248276 0.0005920000257901847 0.0 0.0 0.0
0.003162000561133027 0.0005409999866969883 0.0 0.0 0.0
0.002980000339448452 0.00045200000749900937 0.0 0.0 0.0
0.0028650001622736454 0.00041599999531172216 0.0 0.0 0.0
0.0027650000993162394 0.00038499999209307134 0.0 0.0 0.0
0.0026500001549720764 0.00033599999733269215 0.0 0.0 0.0
0.0025330001953989267 0.00028700000257231295 0.0 0.0 0.0
0.0024129999801516533 0.00022599998919758946 0.0 0.0 0.0
0.002340999897569418 0.00020399999630171806 0.0 0.0 0.0
0.002248000120744109 0.00016599999798927456 0.0 0.0 0.0
0.0021740002557635307 0.0001449999981559813 0.0 0.0 0.0
0.002112000249326229 0.00012900000729132444 0.0 0.0 0.0
0.0020550000481307507 0.00011600000289035961 0.0 0.0 0.0
0.001990000018849969 9.500000305706635e-05 0.0 0.0 0.0
0.001938000088557601 8.499999967170879e-05 0.0 0.0 0.0
0.0018870000494644046 7.60000039008446e-05 0.0 0.0 0.0
0.001841000048443675 6.500000017695129e-05 0.0 0.0 0.0
0.0017950000474229455 5.8000001445179805e-05 0.0 0.0 0.0
0.0017490002792328596 5.200000305194408e-05 0.0 0.0 0.0
0.001708000199869275 4.5000000682193786e-05 0.0 0.0 0.0
0.0016650002216920257 3.5000000934815034e-05 0.0 0.0 0.0
0.0016270001651719213 2.9000000722589903e-05 0.0 0.0 0.0
0.001590000232681632 2.300000051036477e-05 0.0 0.0 0.0
0.0015630001435056329 2.0000001313746907e-05 0.0 0.0 0.0
0.0015360001707449555 1.8000000636675395e-05 0.0 0.0 0.0
0.0015100000891834497 1.4000000192027073e-05 0.0 0.0 0.0
